"value","lag","rr"
0,0,1.04341290539829
0.2,0,1.04111506563914
0.4,0,1.03886797020522
0.6,0,1.03668864935689
0.8,0,1.03459399880052
1,0,1.03260079227081
1.2,0,1.03072569685325
1.4,0,1.02898529102071
1.6,0,1.02739605001643
1.8,0,1.02596735504764
2,0,1.02469310156172
2.2,0,1.02356522008621
2.4,0,1.02257573913178
2.6,0,1.0217167744352
2.8,0,1.02098051885273
3,0,1.02035923288632
3.2,0,1.01984523582697
3.4,0,1.01943089750195
3.6,0,1.01910863061388
3.8,0,1.01887088366174
4,0,1.01871013443515
4.2,0,1.01861888407481
4.4,0,1.01858965169325
4.6,0,1.01861496955115
4.8,0,1.01868737878565
5,0,1.01879942568787
5.2,0,1.01894365852784
5.4,0,1.01911262492557
5.6,0,1.01929886976773
5.8,0,1.01949493366986
6,0,1.01969335198427
6.2,0,1.01988665435436
6.4,0,1.02006736481579
6.6,0,1.0202280024454
6.8,0,1.02036108255848
7,0,1.02045911845474
7.2,0,1.02051510605531
7.4,0,1.02052771412329
7.6,0,1.02049930441598
7.8,0,1.02043230638099
8,0,1.02032915339546
8.2,0,1.02019228187625
8.4,0,1.02002413044761
8.6,0,1.01982713916642
8.8,0,1.01960374880537
9,0,1.01935640019422
9.2,0,1.01908753361909
9.4,0,1.01879958828009
9.6,0,1.0184950018071
9.8,0,1.01817620983381
10,0,1.01784564563004
10.2,0,1.01750573979209
10.4,0,1.01715891999122
10.6,0,1.01680761078009
10.8,0,1.01645423345702
11,0,1.01610120598796
11.2,0,1.01575094298604
11.4,0,1.01540585574861
11.6,0,1.01506835235149
11.8,0,1.01474083780046
12,0,1.01442571423977
12.2,0,1.01412538121757
12.4,0,1.01384223600817
12.6,0,1.01357867252359
12.8,0,1.013335960037
13,0,1.01311224279027
13.2,0,1.01290512861104
13.4,0,1.01271222817321
13.6,0,1.01253115463415
13.8,0,1.01235952332839
14,0,1.01219495151743
14.2,0,1.01203505819573
14.4,0,1.01187746395277
14.6,0,1.011719790891
14.8,0,1.01155966259982
15,0,1.01139470418527
15.2,0,1.01122254235562
15.4,0,1.0110408055626
15.6,0,1.0108471241983
15.8,0,1.01063913084765
16,0,1.01041446059631
16.2,0,1.01017075139394
16.4,0,1.00990564447268
16.6,0,1.0096167848206
16.8,0,1.00930182171009
17,0,1.00895840928077
17.2,0,1.0085842071768
17.4,0,1.00817688123825
17.6,0,1.0077341042461
17.8,0,1.00725355672063
18,0,1.0067329277726
18.2,0,1.00617018096445
18.4,0,1.00556755978715
18.6,0,1.00493075738495
18.8,0,1.00426555530393
19,0,1.00357772270905
19.2,0,1.00287301492519
19.4,0,1.00215717230862
19.6,0,1.00143591944757
19.8,0,1.00071496469042
20,0,1
20.2,0,0.999296701132321
20.4,0,0.998610728138114
20.6,0,0.997947726185693
20.8,0,0.997313326703614
21,0,0.996713148841858
21.2,0,0.996152801250453
21.4,0,0.995637884174681
21.6,0,0.995173991866354
21.8,0,0.994766715310985
22,0,0.994421645271094
22.2,0,0.994144375646329
22.4,0,0.993940507151622
22.6,0,0.993815651315129
22.8,0,0.993775434798329
23,0,0.993825504041315
23.2,0,0.993971530237031
23.4,0,0.994219214638974
23.6,0,0.994574294220189
23.8,0,0.995042763446957
24,0,0.995631430995689
24.2,0,0.996347333023773
24.4,0,0.997197572387144
24.6,0,0.998189327782874
24.8,0,0.999329863439289
25,0,1.00062653937041
25.2,0,1.00208682221351
25.4,0,1.00371829667067
25.6,0,1.00552867757769
25.8,0,1.00752582262574
26,0,1.00971774576438
26.2,0,1.01211263131656
26.4,0,1.01471884883987
26.6,0,1.01754496877097
26.8,0,1.02059977889378
27,0,1.02389230167542
27.2,0,1.02743181251776
27.4,0,1.03122785897664
27.6,0,1.03529028100502
27.8,0,1.03962923228116
28,0,1.0442552026879
28.2,0,1.04917904201434
28.4,0,1.05441198495732
28.6,0,1.05996567750602
28.8,0,1.06585220479961
29,0,1.07208412055547
29.2,0,1.07867341725027
29.4,0,1.08560793011171
29.6,0,1.092850481471
29.8,0,1.10036193573265
30,0,1.10810215414244
30.2,0,1.11602989807092
30.4,0,1.12410274733783
30.6,0,1.13227703430942
30.8,0,1.14050779458264
31,0,1.14874873513401
31.2,0,1.15695222085686
31.4,0,1.16506928043592
31.6,0,1.17304963251261
31.8,0,1.18084173307529
32,0,1.18839284496503
32.2,0,1.19564913031802
32.4,0,1.20255576666858
32.6,0,1.20905708731136
32.8,0,1.21509674636617
33,0,1.22061790880447
33.2,0,1.22556346548135
33.4,0,1.22987627297242
33.6,0,1.23349941774171
33.8,0,1.23637650386572
34,0,1.23845196321291
34.2,0,1.23967138662951
34.4,0,1.23998187431515
34.6,0,1.23933240319043
34.8,0,1.23770136046388
35,0,1.23519251424805
35.2,0,1.23194561221805
35.4,0,1.22810048689833
35.6,0,1.22379631024162
35.8,0,1.21917100599504
36,0,1.21436081712249
36.2,0,1.20950002626623
36.4,0,1.20472082612824
36.6,0,1.20015333601974
36.8,0,1.19592576065271
37,0,1.19216468751224
37.2,0,1.18899551983889
37.4,0,1.18654304335061
37.6,0,1.18493212633809
37.8,0,1.18428855467382
38,0,1.18474000559465
38.2,0,1.18641716687196
38.4,0,1.18945501121087
38.6,0,1.19399423947587
38.8,0,1.20018291070308
39,0,1.20817828193251
39.2,0,1.21814888681261
39.4,0,1.2302768888668
39.6,0,1.24476075348626
39.8,0,1.26181829240026
40,0,1.28169014591917
0,1,1.01397083688118
0.2,1,1.01239787277441
0.4,1,1.01087264710937
0.6,1,1.0094081044165
0.8,1,1.00801712239344
1,1,1.00671252055774
1.2,1,1.00550707054016
1.4,1,1.00441350801088
1.6,1,1.00344451779794
1.8,1,1.00260710321289
2,1,1.00189580870218
2.2,1,1.0013035796127
2.4,1,1.00082342146243
2.6,1,1.00044839198751
2.8,1,1.00017159369522
3,1,0.999986166912709
3.2,1,0.999885283322839
3.4,1,0.999862139979846
3.6,1,0.999909953798677
3.8,1,1.00002195651293
4,1,1.00019139009743
4.2,1,1.00041150265215
4.4,1,1.00067554474551
4.6,1,1.00097676621507
4.8,1,1.00130841342508
5,1,1.00166372698037
5.2,1,1.00203593989669
5.4,1,1.00241827622813
5.6,1,1.00280395015239
5.8,1,1.00318616551487
6,1,1.00355811583294
6.2,1,1.00391298476139
6.4,1,1.00424394702039
6.6,1,1.00454416978692
6.8,1,1.00480681455053
7,1,1.00502503943389
7.2,1,1.00519250629127
7.4,1,1.00530880844258
7.6,1,1.00537740318635
7.8,1,1.00540182159548
8,1,1.00538560123366
8.2,1,1.00533228466264
8.4,1,1.0052454180731
8.6,1,1.0051285500397
8.8,1,1.00498523040074
9,1,1.00481900926272
9.2,1,1.00463343613
9.4,1,1.00443205915967
9.6,1,1.00421842454162
9.8,1,1.00399607600381
10,1,1.00376855444265
10.2,1,1.00353939767822
10.4,1,1.00331214033438
10.6,1,1.00309031384339
10.8,1,1.00287744657494
11,1,1.00267706408933
11.2,1,1.00249268951473
11.4,1,1.00232784404832
11.6,1,1.00218604758115
11.8,1,1.00207081944686
12,1,1.00198567929407
12.2,1,1.00193414808271
12.4,1,1.00191974920445
12.6,1,1.00194600738178
12.8,1,1.00201465651933
13,1,1.00212243794376
13.2,1,1.00226523374396
13.4,1,1.00243892763063
13.6,1,1.00263940358041
13.8,1,1.00286254464938
14,1,1.003104231956
14.2,1,1.00336034383331
14.4,1,1.0036267551505
14.6,1,1.00389933680408
14.8,1,1.00417395537875
15,1,1.00444647297841
15.2,1,1.00471274722749
15.4,1,1.00496863144303
15.6,1,1.00520997497764
15.8,1,1.00543262373395
16,1,1.00563242085037
16.2,1,1.00580520755866
16.4,1,1.0059468242132
16.6,1,1.00605311149203
16.8,1,1.00611991176934
17,1,1.00614307065932
17.2,1,1.00611843873069
17.4,1,1.00604187339134
17.6,1,1.00590924094218
17.8,1,1.0057164187991
18,1,1.0054592978817
18.2,1,1.00513413055986
18.4,1,1.00474275502542
18.6,1,1.00429151906686
18.8,1,1.00378689948912
19,1,1.00323536947027
19.2,1,1.00264339534734
19.4,1,1.00201743381749
19.6,1,1.00136392955419
19.8,1,1.00068931323792
20,1,1
20.2,1,0.999302388278222
20.4,1,0.99860285908266
20.6,1,0.9979077756697
20.8,1,0.997223483622404
21,1,0.996556311335229
21.2,1,0.995912570901193
21.4,1,0.995298559399675
21.6,1,0.994720560583264
21.8,1,0.994184846962314
22,1,0.993697682286209
22.2,1,0.993265324420731
22.4,1,0.992894028621424
22.6,1,0.992590051203372
22.8,1,0.99235965360843
23,1,0.992209106871653
23.2,1,0.992144696489398
23.4,1,0.992172727692421
23.6,1,0.992299531141572
23.8,1,0.99253169988287
24,1,0.992876684266171
24.2,1,0.993342163269842
24.4,1,0.99393587214176
24.6,1,0.994665611977062
24.8,1,0.995539259935166
25,1,0.99656478011271
25.2,1,0.997750235091355
25.4,1,0.999103798181924
25.6,1,1.00063376638898
25.8,1,1.00234857412282
26,1,1.00425680768889
26.2,1,1.00636722058783
26.4,1,1.00868874966304
26.6,1,1.01123053213595
26.8,1,1.01400192357369
27,1,1.01701251683755
27.2,1,1.02027216206563
27.4,1,1.02379098774757
27.6,1,1.02757942295467
27.8,1,1.03164822079417
28,1,1.03600848316254
28.2,1,1.04067168687889
28.4,1,1.04564971128669
28.6,1,1.05095486741925
28.8,1,1.05659992883239
29,1,1.06259816421642
29.2,1,1.06896232616055
29.4,1,1.07568140081158
29.6,1,1.08271978449203
29.8,1,1.09004001515782
30,1,1.09760371080739
30.2,1,1.10537147041599
30.4,1,1.11330278875271
30.6,1,1.12135598572723
30.8,1,1.12948815099603
31,1,1.13765510462623
31.2,1,1.145811374667
31.4,1,1.15391019251218
31.6,1,1.16190350695284
31.8,1,1.16974201781271
32,1,1.1773752300321
32.2,1,1.18475152901503
32.4,1,1.19181827797877
32.6,1,1.19852193794423
32.8,1,1.20480821087742
33,1,1.21062220633744
33.2,1,1.2159086318033
33.4,1,1.22061200664151
33.6,1,1.22467689943838
33.8,1,1.22804818815729
34,1,1.23067134229213
34.2,1,1.23249272587729
34.4,1,1.23345991988347
34.6,1,1.23352206218192
34.8,1,1.23265461615512
35,1,1.2309458115677
35.2,1,1.22851655249607
35.4,1,1.22548823079394
35.6,1,1.22198208327888
35.8,1,1.21811866840236
36,1,1.21401746089069
36.2,1,1.20979656364832
36.4,1,1.20557253527529
36.6,1,1.20146033092753
36.8,1,1.19757335393579
37,1,1.19402361558832
37.2,1,1.19092200076279
37.4,1,1.18837863765688
37.6,1,1.18650337070628
37.8,1,1.18540633689161
38,1,1.18519864702272
38.2,1,1.18599317525926
38.4,1,1.18790546209623
38.6,1,1.19105473833908
38.8,1,1.19556508025119
39,1,1.20156670913006
39.2,1,1.20919745212301
39.4,1,1.21860438521608
39.6,1,1.22994568413035
39.8,1,1.24339271447565
40,1,1.25913239911357
0,2,0.982320105399274
0.2,2,0.98138802725702
0.4,2,0.980497257170395
0.6,2,0.979656977102335
0.8,2,0.978876344059182
1,2,0.978164495275284
1.2,2,0.977530554254871
1.4,2,0.976983637670528
1.6,2,0.976532841988132
1.8,2,0.976183054664362
2,2,0.975929900879872
2.2,2,0.975767802692297
2.4,2,0.975691212362193
2.6,2,0.975694607353816
2.8,2,0.975772485659798
3,2,0.975919361445352
3.2,2,0.976129761008386
3.4,2,0.976398219052567
3.6,2,0.97671927527098
3.8,2,0.977087471238613
4,2,0.977497347612388
4.2,2,0.977943441637946
4.4,2,0.97842028496279
4.6,2,0.978922401755773
4.8,2,0.979444307133239
5,2,0.979980505892383
5.2,2,0.980525491552627
5.4,2,0.981073745705996
5.6,2,0.981619737677581
5.8,2,0.98215792449727
6,2,0.982682751183961
6.2,2,0.983188651343436
6.4,2,0.983670048081007
6.6,2,0.984121355229952
6.8,2,0.98453697889654
7,2,0.98491131932228
7.2,2,0.985239215730547
7.4,2,0.985520711418956
7.6,2,0.985759242501488
7.8,2,0.985958312083051
8,2,0.986121431157393
8.2,2,0.986252117259937
8.4,2,0.986353893245138
8.6,2,0.986430286188961
8.8,2,0.986484826416978
9,2,0.986521046658429
9.2,2,0.98654248132656
9.4,2,0.98655266592543
9.6,2,0.986555136583331
9.8,2,0.986553429712909
10,2,0.986551081798029
10.2,2,0.986551629307416
10.4,2,0.986558608735056
10.6,2,0.986575556767375
10.8,2,0.986606010577209
11,2,0.986653508244585
11.2,2,0.986721589304398
11.4,2,0.986813795421106
11.6,2,0.986933671190611
11.8,2,0.987084765069591
12,2,0.987270630432629
12.2,2,0.987494826757567
12.4,2,0.98776092093966
12.6,2,0.988072486390128
12.8,2,0.98843131103559
13,2,0.988834192018027
13.2,2,0.989277064136938
13.4,2,0.989755860017843
13.6,2,0.990266508541552
13.8,2,0.990804933441531
14,2,0.991367052069403
14.2,2,0.991948774328837
14.4,2,0.992546001778157
14.6,2,0.993154626902156
14.8,2,0.993770532553673
15,2,0.994389591565577
15.2,2,0.99500766653385
15.4,2,0.995620609772499
15.6,2,0.996224263441044
15.8,2,0.996814459845316
16,2,0.997387021912294
16.2,2,0.997937763839635
16.4,2,0.998462491920509
16.6,2,0.998957005544261
16.8,2,0.999417098373298
17,2,0.999838559696504
17.2,2,1.0002171759593
17.4,2,1.00054873247031
17.6,2,1.00082901528447
17.8,2,1.00105381326202
18,2,1.00121892030289
18.2,2,1.00132043531721
18.4,2,1.00135926592028
18.6,2,1.00134021108931
18.8,2,1.00126819115877
19,2,1.00114813399735
19.2,2,1.00098497252533
19.4,2,1.00078364247314
19.6,2,1.00054908038181
19.8,2,1.00028622184602
20,2,1
20.2,2,0.999695344246499
20.4,2,0.999377179228548
20.6,2,0.999050424043948
20.8,2,0.998719991702004
21,2,0.998390788822079
21.2,2,0.998067715573436
21.4,2,0.997755665855815
21.6,2,0.997459527720229
21.8,2,0.997184184029443
22,2,0.996934513357747
22.2,2,0.99671539112969
22.4,2,0.996531690997597
22.6,2,0.996388286457868
22.8,2,0.996290052706265
23,2,0.996241868732622
23.2,2,0.996248619655679
23.4,2,0.996315199299083
23.6,2,0.996446513036231
23.8,2,0.996647936381964
24,2,0.996926479096594
24.2,2,0.997289533725365
24.4,2,0.997744523790714
24.6,2,0.998298910318355
24.8,2,0.998960198930422
25,2,0.999735947514568
25.2,2,1.00063377447943
25.4,2,1.00166136760852
25.6,2,1.00282649352656
25.8,2,1.00413700779389
26,2,1.00560086564715
26.2,2,1.00722613340623
26.4,2,1.00902100057015
26.6,2,1.01099379262707
26.8,2,1.01315298460622
27,2,1.01550721540281
27.2,2,1.0180653029098
27.4,2,1.02083625999385
27.6,2,1.02382931135667
27.8,2,1.0270539113263
28,2,1.03051976262746
28.2,2,1.03423683618427
28.4,2,1.03821539201333
28.6,2,1.04246600127035
28.8,2,1.04699956951884
29,2,1.05182736129518
29.2,2,1.05696014643165
29.4,2,1.06238866741619
29.6,2,1.06808306611526
29.8,2,1.0740120684776
30,2,1.08014379126119
30.2,2,1.08644567330041
30.4,2,1.09288441646188
30.6,2,1.09942593664251
30.8,2,1.10603532521087
31,2,1.11267682133287
31.2,2,1.11931379565212
31.4,2,1.12590874581585
31.6,2,1.13242330434633
31.8,2,1.13881825935639
32,2,1.14505358859391
32.2,2,1.15108850727415
32.4,2,1.15688153011981
32.6,2,1.16239054797583
32.8,2,1.16757291929936
33,2,1.17238557674377
33.2,2,1.1767851489601
33.4,2,1.18072809762845
33.6,2,1.18417086960708
33.8,2,1.18707006394755
34,2,1.1893826133717
34.2,2,1.19106597964091
34.4,2,1.19207836207137
34.6,2,1.19237891826229
34.8,2,1.1919471393017
35,2,1.19085066282325
35.2,2,1.18918264489504
35.4,2,1.18703664869861
35.6,2,1.18450623522278
35.8,2,1.18168462792845
36,2,1.17866445019742
36.2,2,1.17553753534699
36.4,2,1.17239480850051
36.6,2,1.16932623927002
36.8,2,1.16642086402811
37,2,1.16376687651863
37.2,2,1.16145178567679
37.4,2,1.15956263979404
37.6,2,1.15818631657036
37.8,2,1.15740987914381
38,2,1.15732099887576
38.2,2,1.1580084465032
38.4,2,1.15956265425346
38.6,2,1.16207635266162
38.8,2,1.16564528715263
39,2,1.17036902096746
39.2,2,1.17635183275419
39.4,2,1.18370371914301
39.6,2,1.19254151492257
39.8,2,1.20299014608759
40,2,1.21518403409902
0,3,0.95163079722859
0.2,3,0.951140836191618
0.4,3,0.950681115668731
0.6,3,0.950257866456678
0.8,3,0.949877311930167
1,3,0.949545670644591
1.2,3,0.949269159347305
1.4,3,0.94905399639786
1.6,3,0.948906391656632
1.8,3,0.948829780642872
2,3,0.948821483796363
2.2,3,0.948878019981506
2.4,3,0.948995921012091
2.6,3,0.949171729341124
2.8,3,0.949401995880877
3,3,0.949683277951851
3.2,3,0.950012137359531
3.4,3,0.950385138598018
3.6,3,0.950798847179817
3.8,3,0.951249828091252
4,3,0.951734644373109
4.2,3,0.952249855826299
4.4,3,0.952792017842433
4.6,3,0.953357680359374
4.8,3,0.953943386941881
5,3,0.954545673987628
5.2,3,0.955161070058916
5.4,3,0.955786095340495
5.6,3,0.95641726122398
5.8,3,0.957051070019369
6,3,0.957684014794233
6.2,3,0.958312579341162
6.4,3,0.958933238274047
6.6,3,0.959542457253808
6.8,3,0.960136693344116
7,3,0.960712395497675
7.2,3,0.961266274462015
7.4,3,0.961798201908759
7.6,3,0.962310111863375
7.8,3,0.96280397900709
8,3,0.963281783232985
8.2,3,0.963745509292921
8.4,3,0.964197146485209
8.6,3,0.964638688383219
8.8,3,0.965072132605096
9,3,0.965499480624776
9.2,3,0.965922737624421
9.4,3,0.966343912388448
9.6,3,0.966765017239271
9.8,3,0.967188068014888
10,3,0.967615084088452
10.2,3,0.968048088429946
10.4,3,0.968489107710098
10.6,3,0.968940172446669
10.8,3,0.969403317193255
11,3,0.969880580770773
11.2,3,0.970374006541768
11.4,3,0.970885642727748
11.6,3,0.971417542769732
11.8,3,0.971971765732227
12,3,0.972550376750883
12.2,3,0.973155447524082
12.4,3,0.973789056848762
12.6,3,0.974453289768447
12.8,3,0.975149142311886
13,3,0.975874560177324
13.2,3,0.976626957790345
13.4,3,0.977403743798198
13.6,3,0.97820232038025
13.8,3,0.979020082627574
14,3,0.979854417991917
14.2,3,0.980702705804317
14.4,3,0.981562316863722
14.6,3,0.982430613095952
14.8,3,0.983304947283409
15,3,0.984182662865936
15.2,3,0.985061093813264
15.4,3,0.985937564569483
15.6,3,0.986809390069998
15.8,3,0.987673875831405
16,3,0.988528318114753
16.2,3,0.989370004162613
16.4,3,0.990196212510388
16.6,3,0.991004213372261
16.8,3,0.991791269102152
17,3,0.992554634730039
17.2,3,0.993291558573931
17.4,3,0.993999282927766
17.6,3,0.994675044825433
17.8,3,0.995316076881088
18,3,0.995919608205838
18.2,3,0.996483025174205
18.4,3,0.99700629089699
18.6,3,0.997491458449155
18.8,3,0.997940649304789
19,3,0.998355992912349
19.2,3,0.9987396259413
19.4,3,0.999093691573747
19.6,3,0.999420338841436
19.8,3,0.999721722008461
20,3,1
20.2,3,1.00025733587733
20.4,3,1.00049589635937
20.6,3,1.00071785139093
20.8,3,1.00092537375788
21,3,1.00112063874939
21.2,3,1.00130582386728
21.4,3,1.00148310858276
21.6,3,1.00165467414049
21.8,3,1.00182270341016
22,3,1.00198938078552
22.2,3,1.00215689213114
22.4,3,1.00232742477674
22.6,3,1.00250316755925
22.8,3,1.00268631091267
23,3,1.00287904700575
23.2,3,1.00308356992759
23.4,3,1.00330207592118
23.6,3,1.0035367637061
23.8,3,1.00379054372839
24,3,1.00406884501747
24.2,3,1.00437766146817
24.4,3,1.00472299677716
24.6,3,1.00511086644168
24.8,3,1.00554730011863
25,3,1.00603834434575
25.2,3,1.00659006562727
25.4,3,1.00720855388679
25.6,3,1.00789992629054
25.8,3,1.0086703314452
26,3,1.00952595397463
26.2,3,1.01047301948093
26.4,3,1.01151779989609
26.6,3,1.01266661923107
26.8,3,1.0139258597304
27,3,1.01530196844127
27.2,3,1.01680146420725
27.4,3,1.01843094509778
27.6,3,1.02019709628619
27.8,3,1.02210669838996
28,3,1.02416663628863
28.2,3,1.02638390843622
28.4,3,1.02876563668673
28.6,3,1.03131907665286
28.8,3,1.03405162862017
29,3,1.03697084904082
29.2,3,1.0400838683912
29.4,3,1.04338422144097
29.6,3,1.04685159637124
29.8,3,1.05046487016062
30,3,1.05420267470327
30.2,3,1.05804336836733
30.4,3,1.0619650119685
30.6,3,1.06594534925328
30.8,3,1.069961791999
31,3,1.0739914098482
31.2,3,1.07801092500243
31.4,3,1.08199671190504
31.6,3,1.08592480204449
31.8,3,1.08977089400799
32,3,1.09351036891098
32.2,3,1.0971183113201
32.4,3,1.10056953577566
32.6,3,1.10383861900552
32.8,3,1.10689993790329
33,3,1.10972771332246
33.2,3,1.11229605971196
33.4,3,1.11457904058992
33.6,3,1.11655072981917
33.8,3,1.11818527861197
34,3,1.11945698815151
34.2,3,1.12034038767475
34.4,3,1.12081031781484
34.6,3,1.1208420189529
34.8,3,1.12042379658584
35,3,1.11960151783054
35.2,3,1.11843753613286
35.4,3,1.11699430399177
35.6,3,1.11533419996667
35.8,3,1.11351939129197
36,3,1.11161173106601
36.2,3,1.10967268985752
36.4,3,1.10776332144038
36.6,3,1.10594426228813
36.8,3,1.10427576443272
37,3,1.10281776131679
37.2,3,1.1016299663446
37.4,3,1.10077200396207
37.6,3,1.10030357327248
37.8,3,1.10028464441955
38,3,1.10077568824579
38.2,3,1.10183794006216
38.4,3,1.10353369874744
38.6,3,1.10592666283622
38.8,3,1.1090823057573
39,3,1.11306829295588
39.2,3,1.11795494428145
39.4,3,1.12381574575828
39.6,3,1.13072791568924
39.8,3,1.13877303099118
40,3,1.14803772073983
0,4,0.934530579843152
0.2,4,0.93426620995616
0.4,4,0.934016723123835
0.6,4,0.933786534686722
0.8,4,0.933580056654
1,4,0.933401698721215
1.2,4,0.933255869496609
1.4,4,0.933146977936078
1.6,4,0.933079426732439
1.8,4,0.933055973958798
2,4,0.93307575400176
2.2,4,0.933137423598923
2.4,4,0.933239644896693
2.6,4,0.933381084857467
2.8,4,0.933560414687064
3,4,0.933776309282186
3.2,4,0.93402744669767
3.4,4,0.934312507633346
3.6,4,0.934630174940317
3.8,4,0.934979133146507
4,4,0.935358068001342
4.2,4,0.935765666039441
4.4,4,0.936200614163225
4.6,4,0.936661599244352
4.8,4,0.937147307743915
5,4,0.93765642535136
5.2,4,0.938187636642065
5.4,4,0.93873962475359
5.6,4,0.939311071080558
5.8,4,0.939900654988192
6,4,0.940507053544513
6.2,4,0.941128941271231
6.4,4,0.941764989913357
6.6,4,0.942413868227597
6.8,4,0.943074241789566
7,4,0.943744772819904
7.2,4,0.944424192156508
7.4,4,0.94511207563157
7.6,4,0.945808550273426
7.8,4,0.946513753078179
8,4,0.947227821634714
8.2,4,0.947950894136583
8.4,4,0.948683109394087
8.6,4,0.94942460684658
8.8,4,0.950175526574976
9,4,0.950936009314478
9.2,4,0.951706196467517
9.4,4,0.952486230116915
9.6,4,0.953276253039269
9.8,4,0.954076408718552
10,4,0.954886841359949
10.2,4,0.955707695903912
10.4,4,0.956539118040452
10.6,4,0.957381254223659
10.8,4,0.958234251686462
11,4,0.959098258455622
11.2,4,0.959973423366968
11.4,4,0.960859896080878
11.6,4,0.961757827098001
11.8,4,0.962667367775234
12,4,0.963588670341945
12.2,4,0.964521887916453
12.4,4,0.965467174522769
12.6,4,0.966424684687672
12.8,4,0.967394252087151
13,4,0.968374813625243
13.2,4,0.969365147305039
13.4,4,0.970364026327978
13.6,4,0.971370218976566
13.8,4,0.972382488512688
14,4,0.973399593091618
14.2,4,0.974420285691847
14.4,4,0.975443314060826
14.6,4,0.976467420676766
14.8,4,0.977491342726586
15,4,0.978513812100146
15.2,4,0.979533555400885
15.4,4,0.980549293972966
15.6,4,0.981559743945074
15.8,4,0.982563616290958
16,4,0.983559616906853
16.2,4,0.984546446705883
16.4,4,0.985522801729562
16.6,4,0.986487373276492
16.8,4,0.987438848048374
17,4,0.988375908313411
17.2,4,0.989297232087205
17.4,4,0.990201493331233
17.6,4,0.991087362168978
17.8,4,0.991953505119781
18,4,0.992798585350486
18.2,4,0.993621308444667
18.4,4,0.994421111652409
18.6,4,0.995198026271111
18.8,4,0.995952102485625
19,4,0.996683392374691
19.2,4,0.997391949893066
19.4,4,0.99807783085348
19.6,4,0.998741092908409
19.8,4,0.999381795531696
20,4,1
20.2,4,1.00059576937409
20.4,4,1.00116916847999
20.6,4,1.00172026389
20.8,4,1.0022491239035
21,4,1.00275581852775
21.2,4,1.00324041945842
21.4,4,1.00370300006011
21.6,4,1.00414363534666
21.8,4,1.00456240196141
22,4,1.00495937815734
22.2,4,1.00533464377706
22.4,4,1.00568828023276
22.6,4,1.00602037048604
22.8,4,1.00633099902766
23,4,1.00662025185719
23.2,4,1.00688821646257
23.4,4,1.00713498179968
23.6,4,1.00736063831617
23.8,4,1.00756604627676
24,4,1.00775479312849
24.2,4,1.00793107385574
24.4,4,1.00809908696824
24.6,4,1.008263034069
24.8,4,1.00842711959712
25,4,1.00859555074595
25.2,4,1.00877253755664
25.4,4,1.00896229318731
25.6,4,1.00916903435815
25.8,4,1.00939698197264
26,4,1.00965036191524
26.2,4,1.009933406026
26.4,4,1.01025035325254
26.6,4,1.01060545098018
26.8,4,1.01100295654083
27,4,1.0114471389017
27.2,4,1.01194228053502
27.4,4,1.01249267946999
27.6,4,1.01310265152867
27.8,4,1.01377653274757
28,4,1.01451868198706
28.2,4,1.01533348373111
28.4,4,1.0162253510799
28.6,4,1.01719872893862
28.8,4,1.01825809740564
29,4,1.01940797536424
29.2,4,1.02065260144125
29.4,4,1.02198879256668
29.6,4,1.02340587798786
29.8,4,1.02489281923756
30,4,1.02643852783158
30.2,4,1.02803185821875
30.4,4,1.02966160193917
30.6,4,1.03131648300074
30.8,4,1.03298515448563
31,4,1.03465619639952
31.2,4,1.03631811477738
31.4,4,1.03795934205993
31.6,4,1.03956823875514
31.8,4,1.04113309639865
32,4,1.04264214182638
32.2,4,1.04408354277144
32.4,4,1.04544541479588
32.6,4,1.0467158295659
32.8,4,1.04788282447668
33,4,1.04893441363025
33.2,4,1.04985860016653
33.4,4,1.05064338994404
33.6,4,1.05127680656262
33.8,4,1.05174690771613
34,4,1.05204180285802
34.2,4,1.05214967215757
34.4,4,1.05205878671869
34.6,4,1.05175753002731
34.8,4,1.05124154277803
35,4,1.05053890366163
35.2,4,1.04968687756717
35.4,4,1.04872268575293
35.6,4,1.04768345908566
35.8,4,1.04660620502512
36,4,1.04552778770348
36.2,4,1.04448492102442
36.4,4,1.04351417469391
36.6,4,1.04265199309389
36.8,4,1.04193472692252
37,4,1.04139867754932
37.2,4,1.04108015407086
37.4,4,1.04101554310239
37.6,4,1.04124139140296
37.8,4,1.04179450150673
38,4,1.04271204062108
38.2,4,1.04403166315354
38.4,4,1.04579164734544
38.6,4,1.04803104662063
38.8,4,1.05078985640443
39,4,1.05410919733244
39.2,4,1.05803151595215
39.4,4,1.06260080422537
39.6,4,1.06786283936796
39.8,4,1.0738654458189
40,4,1.08065878141641
0,5,0.942724792344408
0.2,5,0.942496488767254
0.4,5,0.942264698874571
0.6,5,0.942033357194214
0.8,5,0.941806394404967
1,5,0.941587737437241
1.2,5,0.941381309737618
1.4,5,0.941191031697005
1.6,5,0.941020815896472
1.8,5,0.940873505791901
2,5,0.940749594828982
2.2,5,0.940649264825595
2.4,5,0.940572699281829
2.6,5,0.940520083427112
2.8,5,0.940491604267934
3,5,0.940487450636163
3.2,5,0.940507813237983
3.4,5,0.940552884703457
3.6,5,0.940622859636725
3.8,5,0.940717934666862
4,5,0.940838308499408
4.2,5,0.940984181968566
4.4,5,0.941155758090119
4.6,5,0.941353242115043
4.8,5,0.941576841583854
5,5,0.941826766381705
5.2,5,0.942103228794236
5.4,5,0.942406443564208
5.6,5,0.942736627948926
5.8,5,0.943094001778482
6,5,0.943478787514818
6.2,5,0.94389121031165
6.4,5,0.944331498075249
6.6,5,0.944799881526114
6.8,5,0.945296594261549
7,5,0.945821872819172
7.2,5,0.946375902565743
7.4,5,0.946958234609623
7.6,5,0.947568006684119
7.8,5,0.948204349539289
8,5,0.94886639373808
8.2,5,0.949553269409333
8.4,5,0.950264106009038
8.6,5,0.95099803208978
8.8,5,0.951754175078383
9,5,0.952531661061732
9.2,5,0.953329614580766
9.4,5,0.954147158432646
9.6,5,0.954983413481095
9.8,5,0.955837498474937
10,5,0.956708529874833
10.2,5,0.95759562168824
10.4,5,0.958497885312627
10.6,5,0.959414429386958
10.8,5,0.960344359651496
11,5,0.961286778815949
11.2,5,0.962240786436009
11.4,5,0.963205478798314
11.6,5,0.964179948813901
11.8,5,0.965163285920183
12,5,0.966154575991505
12.2,5,0.967152901258345
12.4,5,0.968157340235203
12.6,5,0.969166967603083
12.8,5,0.97018081269797
13,5,0.971197785159326
13.2,5,0.972216770072098
13.4,5,0.97323664783124
13.6,5,0.974256294124962
13.8,5,0.975274579930922
14,5,0.976290371525457
14.2,5,0.977302530505961
14.4,5,0.978309913826485
14.6,5,0.979311373846668
14.8,5,0.980305758394091
15,5,0.981291910840129
15.2,5,0.982268670189408
15.4,5,0.983234871182941
15.6,5,0.984189344415027
15.8,5,0.985130916464001
16,5,0.986058410036888
16.2,5,0.986970644128057
16.4,5,0.987866434191923
16.6,5,0.988744592329762
16.8,5,0.989603927490691
17,5,0.990443245686867
17.2,5,0.991261350222933
17.4,5,0.992057041939753
17.6,5,0.992829119472466
17.8,5,0.993576379522864
18,5,0.994297617146105
18.2,5,0.994991667588383
18.4,5,0.995658035441462
18.6,5,0.996296768626531
18.8,5,0.996907933178289
19,5,0.997491597720021
19.2,5,0.998047833437646
19.4,5,0.998576714053469
19.6,5,0.999078315799652
19.8,5,0.999552717391421
20,5,1
20.2,5,1.00042024722529
20.4,5,1.00081354506833
20.6,5,1.00117998190345
20.8,5,1.00151964845029
21,5,1.00183263774555
21.2,5,1.00211904511449
21.4,5,1.00237896814232
21.6,5,1.00261250664531
21.8,5,1.00281976264178
22,5,1.00300084032287
22.2,5,1.00315584602315
22.4,5,1.00328488819109
22.6,5,1.00338807735937
22.8,5,1.00346552611503
23,5,1.00351734906952
23.2,5,1.00354366282857
23.4,5,1.00354458596202
23.6,5,1.00352023900202
23.8,5,1.00347123784308
24,5,1.00339994978283
24.2,5,1.00330913065173
24.4,5,1.00320153653932
24.6,5,1.003079923296
24.8,5,1.00294704611049
25,5,1.00280565916291
25.2,5,1.00265851535348
25.4,5,1.0025083661068
25.6,5,1.00235796125169
25.8,5,1.00221004897644
26,5,1.00206737585952
26.2,5,1.00193268697546
26.4,5,1.00180872607615
26.6,5,1.00169823584713
26.8,5,1.00160395823909
27,5,1.00152863487451
27.2,5,1.00147500752936
27.4,5,1.00144581868993
27.6,5,1.00144381218496
27.8,5,1.00147173389311
28,5,1.00153233252593
28.2,5,1.00162836048665
28.4,5,1.00176257480501
28.6,5,1.00193773814853
28.8,5,1.00215661991072
29,5,1.00242199737657
29.2,5,1.00273648371144
29.4,5,1.00309869908252
29.6,5,1.00350325432073
29.8,5,1.00394458198592
30,5,1.00441710924335
30.2,5,1.0049152559693
30.4,5,1.00543343316671
30.6,5,1.00596604169164
30.8,5,1.00650747129133
31,5,1.0070520999546
31.2,5,1.00759429357589
31.4,5,1.00812840593402
31.6,5,1.00864877898675
31.8,5,1.00914974348249
32,5,1.00962561989003
32.2,5,1.01007071964748
32.4,5,1.010479346731
32.6,5,1.01084579954407
32.8,5,1.01116437312751
33,5,1.0114293616902
33.2,5,1.01163506146026
33.4,5,1.01177577385564
33.6,5,1.01184580897308
33.8,5,1.01183948939345
34,5,1.01175115430112
34.2,5,1.01157516391449
34.4,5,1.01130590422378
34.6,5,1.01093779203192
34.8,5,1.01046932625614
35,5,1.00991738929364
35.2,5,1.00930405054047
35.4,5,1.00865134077038
35.6,5,1.00798124081957
35.8,5,1.00731567540983
36,5,1.00667651174935
36.2,5,1.00608556288995
36.4,5,1.00556459582008
36.6,5,1.00513534427643
36.8,5,1.00481952626325
37,5,1.00463886627792
37.2,5,1.00461512225308
37.4,5,1.00477011724073
37.6,5,1.00512577588161
37.8,5,1.00570416572378
38,5,1.00652754347822
38.2,5,1.00761840632629
38.4,5,1.00899954842387
38.6,5,1.01069412278066
38.8,5,1.01272570873041
39,5,1.01511838524883
39.2,5,1.01789681042104
39.4,5,1.02108630741039
39.6,5,1.02471295733483
39.8,5,1.02880369951744
40,5,1.03338643964323
0,6,0.978531711702846
0.2,6,0.978247447746815
0.4,6,0.977944593135477
0.6,6,0.977628033964531
0.8,6,0.977302650760576
1,6,0.976973317919447
1.2,6,0.976644903387878
1.4,6,0.976322268587956
1.6,6,0.976010261979581
1.8,6,0.975712407559061
2,6,0.975429323462011
2.2,6,0.975161241136154
2.4,6,0.974908392445318
2.6,6,0.974671009706346
2.8,6,0.974449325726607
3,6,0.974243573842121
3.2,6,0.974053987956306
3.4,6,0.973880802579337
3.6,6,0.973724252868143
3.8,6,0.973584574667037
4,6,0.973462004548984
4.2,6,0.973356779857525
4.4,6,0.973269138749344
4.6,6,0.973199320237514
4.8,6,0.973147564235397
5,6,0.973114111601238
5.2,6,0.973099204183434
5.4,6,0.973103084866505
5.6,6,0.973125997617769
5.8,6,0.973168187534728
6,6,0.973229900893184
6.2,6,0.973311385196077
6.4,6,0.973412889223084
6.6,6,0.973534663080958
6.8,6,0.973676958254639
7,6,0.973840027659144
7.2,6,0.974024087687618
7.4,6,0.974228909420978
7.6,6,0.974453974386454
7.8,6,0.974698759951519
8,6,0.974962744163847
8.2,6,0.97524540564563
8.4,6,0.975546223490793
8.6,6,0.975864677165099
8.8,6,0.976200246409123
9,6,0.976552411144092
9.2,6,0.976920651380561
9.4,6,0.977304447129945
9.6,6,0.977703278318866
9.8,6,0.978116624706335
10,6,0.978543965803751
10.2,6,0.978984780797708
10.4,6,0.979438548475619
10.6,6,0.979904747154149
10.8,6,0.980382854610457
11,6,0.980872348016239
11.2,6,0.981372703874592
11.4,6,0.981883397959682
11.6,6,0.982403905259232
11.8,6,0.982933699919824
12,6,0.983472255195029
12.2,6,0.984019043396369
12.4,6,0.984573535847107
12.6,6,0.985135202616176
12.8,6,0.985703342101246
13,6,0.986276776153614
13.2,6,0.986854241932677
13.4,6,0.98743447368248
13.6,6,0.988016202688017
13.8,6,0.988598157247797
14,6,0.989179062662754
14.2,6,0.989757641241564
14.4,6,0.990332612322435
14.6,6,0.990902692311438
14.8,6,0.99146659473745
15,6,0.992023030323761
15.2,6,0.992570707076421
15.4,6,0.993108330389375
15.6,6,0.993634603166451
15.8,6,0.99414822596024
16,6,0.994647897127932
16.2,6,0.995132313004129
16.4,6,0.995600168090685
16.6,6,0.996050155263602
16.8,6,0.996480965996991
17,6,0.996891290604123
17.2,6,0.997279818495573
17.4,6,0.99764523845445
17.6,6,0.997986238928703
17.8,6,0.998301508340473
18,6,0.998589735412468
18.2,6,0.998849677096255
18.4,6,0.999081181531766
18.6,6,0.999284980636443
18.8,6,0.999461834540232
19,6,0.999612506145262
19.2,6,0.999737760921188
19.4,6,0.999838366706111
19.6,6,0.999915093513131
19.8,6,0.999968713342578
20,6,1
20.2,6,1.00000972891992
20.4,6,0.999998676995459
20.6,6,0.99996762241377
20.8,6,0.999917344497463
21,6,0.999848623551916
21.2,6,0.999762240718582
21.4,6,0.999658977834291
21.6,6,0.999539617296588
21.8,6,0.9994049419351
22,6,0.999255734888986
22.2,6,0.999092779490446
22.4,6,0.998916859154341
22.6,6,0.998728757273899
22.8,6,0.998529257122541
23,6,0.998319141761813
23.2,6,0.998099193955449
23.4,6,0.997870196089538
23.6,6,0.997632930105654
23.8,6,0.997388295427578
24,6,0.997137609105438
24.2,6,0.996882279655296
24.4,6,0.996623714234799
24.6,6,0.99636331858763
24.8,6,0.996102497007807
25,6,0.995842652323787
25.2,6,0.995585185902342
25.4,6,0.995331497672169
25.6,6,0.995082986167209
25.8,6,0.994841048589617
26,6,0.994607080892378
26.2,6,0.994382477881529
26.4,6,0.994168633337947
26.6,6,0.993966940158715
26.8,6,0.993778790518009
27,6,0.993605576047537
27.2,6,0.993448688036493
27.4,6,0.993309517651055
27.6,6,0.993189456173417
27.8,6,0.9930898952604
28,6,0.993012227221655
28.2,6,0.992957845317506
28.4,6,0.992928144076493
28.6,6,0.992924519632662
28.8,6,0.99294837008271
29,6,0.993001095863037
29.2,6,0.99308400349363
29.4,6,0.99319616990299
29.6,6,0.993334435980747
29.8,6,0.993495545343126
30,6,0.993676241223896
30.2,6,0.993873265777777
30.4,6,0.99408335949075
30.6,6,0.994303260697307
30.8,6,0.994529705204707
31,6,0.994759426024343
31.2,6,0.994989153210376
31.4,6,0.995215613805778
31.6,6,0.995435531895964
31.8,6,0.995645628770188
32,6,0.995842623190852
32.2,6,0.996023231770871
32.4,6,0.996184169459216
32.6,6,0.996322150134692
32.8,6,0.996433887307975
33,6,0.996516094931877
33.2,6,0.996565488319722
33.4,6,0.99657878517165
33.6,6,0.996552706708573
33.8,6,0.996483978913393
34,6,0.996369333879017
34.2,6,0.996205511262551
34.4,6,0.995989259844931
34.6,6,0.995717339195144
34.8,6,0.995388962168474
35,6,0.995014424354141
35.2,6,0.994607151381056
35.4,6,0.994180551471219
35.6,6,0.993748011728787
35.8,6,0.993322896439868
36,6,0.992918547171848
36.2,6,0.992548284666982
36.4,6,0.992225412525325
36.6,6,0.991963222673157
36.8,6,0.991775002614751
37,6,0.991674044467743
37.2,6,0.991673655785415
37.4,6,0.991787172172938
37.6,6,0.992027971709035
37.8,6,0.992409491189629
38,6,0.992945244215841
38.2,6,0.993648841155185
38.4,6,0.994534011012109
38.6,6,0.995614625251967
38.8,6,0.99690472363135
39,6,0.998418542097298
39.2,6,1.00017054282842
39.4,6,1.00217544650236
39.6,6,1.00444826688642
39.8,6,1.00700434786167
40,6,1.0098594030054
0,7,1.03869060714029
0.2,7,1.03834403374021
0.4,7,1.03797366227195
0.6,7,1.03758675806477
0.8,7,1.03719057672077
1,7,1.03679236321354
1.2,7,1.03639935149324
1.4,7,1.03601876459704
1.6,7,1.03565780217667
1.8,7,1.03532104198189
2,7,1.03500730670884
2.2,7,1.03471465596992
2.4,7,1.03444115291953
2.6,7,1.03418486387927
2.8,7,1.03394385799935
3,7,1.03371620695624
3.2,7,1.03349998468631
3.4,7,1.03329326715544
3.6,7,1.03309413216455
3.8,7,1.03290065919085
4,7,1.03271092926489
4.2,7,1.03252302488324
4.4,7,1.03233502995681
4.6,7,1.03214502979478
4.8,7,1.03195111112399
5,7,1.0317513621439
5.2,7,1.03154387261691
5.4,7,1.03132673399414
5.6,7,1.03109803957644
5.8,7,1.03085588471081
6,7,1.03059836702183
6.2,7,1.03032358667837
6.4,7,1.03002964669517
6.6,7,1.0297146532694
6.8,7,1.02937671615191
7,7,1.02901394905323
7.2,7,1.02862464026188
7.4,7,1.02820908219926
7.6,7,1.02776886888328
7.8,7,1.02730561564112
8,7,1.02682093656661
8.2,7,1.02631644417431
8.4,7,1.02579374907862
8.6,7,1.02525445969824
8.8,7,1.02470018198561
9,7,1.02413251918157
9.2,7,1.02355307159503
9.4,7,1.02296343640765
9.6,7,1.02236520750345
9.8,7,1.02175997532328
10,7,1.02114932674405
10.2,7,1.02053484498261
10.4,7,1.0199181095243
10.6,7,1.0193006960759
10.8,7,1.01868417654298
11,7,1.01807011903161
11.2,7,1.01746008787415
11.4,7,1.01685564367918
11.6,7,1.01625834340543
11.8,7,1.01566974045951
12,7,1.01509138481751
12.2,7,1.01452482317027
12.4,7,1.01397159909227
12.6,7,1.0134332525773
12.8,7,1.01291081841136
13,7,1.01240393219332
13.2,7,1.01191198984025
13.4,7,1.0114343890782
13.6,7,1.01097052935663
13.8,7,1.01051981176638
14,7,1.01008163896137
14.2,7,1.00965541508371
14.4,7,1.00924054569248
14.6,7,1.00883643769597
14.8,7,1.00844249928749
15,7,1.00805813988458
15.2,7,1.00768277007182
15.4,7,1.00731580154701
15.6,7,1.00695664707083
15.8,7,1.00660472041998
16,7,1.00625943634362
16.2,7,1.0059202105234
16.4,7,1.00558645953672
16.6,7,1.0052576008235
16.8,7,1.00493305265628
17,7,1.00461223411369
17.2,7,1.00429456505729
17.4,7,1.00397946611177
17.6,7,1.0036663586485
17.8,7,1.00335466477242
18,7,1.00304380731222
18.2,7,1.0027332423467
18.4,7,1.00242295108763
18.6,7,1.00211333863205
18.8,7,1.00180482171381
19,7,1.00149781655556
19.2,7,1.00119273887416
19.4,7,1.00089000388783
19.6,7,1.00059002632499
19.8,7,1.00029322043492
20,7,1
20.2,7,0.999710778349793
20.4,7,0.999425968376742
20.6,7,0.999145982553629
20.8,7,0.998871232952716
21,7,0.998602131266594
21.2,7,0.998339088830735
21.4,7,0.998082516647737
21.6,7,0.997832825413265
21.8,7,0.997590425543691
22,7,0.997355727205426
22.2,7,0.997129140345938
22.4,7,0.996911074726476
22.6,7,0.996701939956468
22.8,7,0.99650214552963
23,7,0.996312100861754
23.2,7,0.996132215330196
23.4,7,0.995962898315058
23.6,7,0.995804559236789
23.8,7,0.995657516329624
24,7,0.995521764392698
24.2,7,0.995397226919489
24.4,7,0.995283827820072
24.6,7,0.995181491412809
24.8,7,0.995090142416124
25,7,0.995009705940347
25.2,7,0.994940107479642
25.4,7,0.99488127290401
25.6,7,0.994833128451358
25.8,7,0.994795600719658
26,7,0.994768616659162
26.2,7,0.9947521035647
26.4,7,0.994745989068045
26.6,7,0.994750201130347
26.8,7,0.994764668034644
27,7,0.994789318378428
27.2,7,0.994824081066295
27.4,7,0.994868885302648
27.6,7,0.994923660584474
27.8,7,0.994988336694188
28,7,0.995062843692531
28.2,7,0.995147111911548
28.4,7,0.995241071947614
28.6,7,0.995344654654534
28.8,7,0.995457791136697
29,7,0.995580412742299
29.2,7,0.995712422101641
29.4,7,0.995853053177214
29.6,7,0.996000869181113
29.8,7,0.996154403366354
30,7,0.996312188197244
30.2,7,0.996472755275895
30.4,7,0.99663463529036
30.6,7,0.996796357984437
30.8,7,0.996956452149137
31,7,0.997113445635875
31.2,7,0.997265865391369
31.4,7,0.997412237514305
31.6,7,0.997551087333765
31.8,7,0.997680939509453
32,7,0.997800318153722
32.2,7,0.997907746975421
32.4,7,0.998001749445559
32.6,7,0.998080848984792
32.8,7,0.998143569172721
33,7,0.99818843397898
33.2,7,0.998213968016094
33.4,7,0.998218696814068
33.6,7,0.998201147116659
33.8,7,0.998159847199273
34,7,0.998093327208417
34.2,7,0.998000119522619
34.4,7,0.997878759134717
34.6,7,0.997727784055396
34.8,7,0.997547124047493
35,7,0.997343010598045
35.2,7,0.997123457646895
35.4,7,0.996896473234599
35.6,7,0.996670058467201
35.8,7,0.996452207240855
36,7,0.996250906608034
36.2,7,0.996074137784366
36.4,7,0.995929877795301
36.6,7,0.995826101762083
36.8,7,0.99577078582697
37,7,0.995771910718208
37.2,7,0.995837465956019
37.4,7,0.995975454701704
37.6,7,0.996193899253006
37.8,7,0.996500847190037
38,7,0.996904378177368
38.2,7,0.997412611429377
38.4,7,0.998033713847529
38.6,7,0.998775908840073
38.8,7,0.999647485836535
39,7,1.00065681051153
39.2,7,1.00181233573469
39.4,7,1.00312261326582
39.6,7,1.00459630621739
39.8,7,1.00624220230883
40,7,1.0080692279405
0,8,1.09847695621098
0.2,8,1.09803908611293
0.4,8,1.09758078521743
0.6,8,1.09711209781118
0.8,8,1.0966430516373
1,8,1.09618365740432
1.2,8,1.09574390921013
1.4,8,1.09533378587827
1.6,8,1.09496323163655
1.8,8,1.09463787489479
2,8,1.09435386472385
2.2,8,1.09410609647352
2.4,8,1.09388947404899
2.6,8,1.09369890834504
2.8,8,1.09352931591777
3,8,1.09337561789299
3.2,8,1.09323273911088
3.4,8,1.09309560750628
3.6,8,1.09295915372459
3.8,8,1.09281831097275
4,8,1.09266801510525
4.2,8,1.09250320494494
4.4,8,1.09231882283824
4.6,8,1.09210981544472
4.8,8,1.09187113476042
5,8,1.09159773937451
5.2,8,1.0912845959587
5.4,8,1.09092668098842
5.6,8,1.09051898269485
5.8,8,1.09005650324654
6,8,1.08953426115894
6.2,8,1.08894729393013
6.4,8,1.08829066090065
6.6,8,1.08755944633463
6.8,8,1.08674876271969
7,8,1.08585375428204
7.2,8,1.08487006173912
7.4,8,1.0837987771062
7.6,8,1.08264452788768
7.8,8,1.08141200255674
8,8,1.08010588706602
8.2,8,1.07873086165025
8.4,8,1.07729159782581
8.6,8,1.07579275558791
8.8,8,1.07423898080556
9,8,1.07263490281413
9.2,8,1.07098513220515
9.4,8,1.06929425881266
9.6,8,1.06756684989517
9.8,8,1.06580744851205
10,8,1.06402057209303
10.2,8,1.06221071119921
10.4,8,1.06038232847395
10.6,8,1.05853985778182
10.8,8,1.0566877035336
11,8,1.05483024019531
11.2,8,1.05297181197929
11.4,8,1.05111673271507
11.6,8,1.04926928589786
11.8,8,1.0474337249126
12,8,1.0456142734313
12.2,8,1.0438151259816
12.4,8,1.04204044868449
12.6,8,1.04029437896453
12.8,8,1.03858011476056
13,8,1.03689829785573
13.2,8,1.03524913079503
13.4,8,1.03363281693448
13.6,8,1.03204956053015
13.8,8,1.0304995668277
14,8,1.02898304215274
14.2,8,1.02750019400189
14.4,8,1.02605123113454
14.6,8,1.0246363636654
14.8,8,1.02325580315788
15,8,1.02190976271821
15.2,8,1.02059845709042
15.4,8,1.0193221027522
15.6,8,1.01808091801166
15.8,8,1.0168751231049
16,8,1.0157049402947
16.2,8,1.01457059396999
16.4,8,1.01347231074643
16.6,8,1.01241031956802
16.8,8,1.0113848518097
17,8,1.01039614138113
17.2,8,1.00944442483149
17.4,8,1.00852994145557
17.6,8,1.00765293340093
17.8,8,1.00681364577637
18,8,1.00601232676166
18.2,8,1.00524919528746
18.4,8,1.00452395106905
18.6,8,1.00383587653701
18.8,8,1.00318424795491
19,8,1.00256834728708
19.2,8,1.00198746195298
19.4,8,1.00144088458742
19.6,8,1.00092791280632
19.8,8,1.000447848978
20,8,1
20.2,8,0.999583677081093
20.4,8,0.999198195528679
20.6,8,0.99884287454128
20.8,8,0.998517037006151
21,8,0.998220009301892
21.2,8,0.997951121106015
21.4,8,0.99770970520738
21.6,8,0.99749509732344
21.8,8,0.997306635922242
22,8,0.997143662049111
22.2,8,0.997005519157975
22.4,8,0.996891552947283
22.6,8,0.996801111200448
22.8,8,0.996733543630795
23,8,0.99668820173095
23.2,8,0.996664438626647
23.4,8,0.996661608934909
23.6,8,0.996679068623217
23.8,8,0.996716117043779
24,8,0.996771849530491
24.2,8,0.996845316857011
24.4,8,0.996935570497666
24.6,8,0.997041662462879
24.8,8,0.997162645143679
25,8,0.997297571165292
25.2,8,0.997445493249778
25.4,8,0.997605464087713
25.6,8,0.997776536218901
25.8,8,0.997957761922108
26,8,0.998148193113824
26.2,8,0.998346881256038
26.4,8,0.99855287727304
26.6,8,0.998765231477253
26.8,8,0.998982993504093
27,8,0.999205212255875
27.2,8,0.99943093585477
27.4,8,0.999659211604831
27.6,8,0.999889085963086
27.8,8,1.00011960451973
28,8,1.00034981198741
28.2,8,1.00057875219964
28.4,8,1.00080546811835
28.6,8,1.00102900185057
28.8,8,1.00124839467428
29,8,1.00146268707344
29.2,8,1.00167093535144
29.4,8,1.00187257791302
29.6,8,1.00206743659627
29.8,8,1.00225534999819
30,8,1.00243615673996
30.2,8,1.00260969547813
30.4,8,1.00277580491604
30.6,8,1.0029343238155
30.8,8,1.00308509100875
31,8,1.00322794541061
31.2,8,1.00336272603095
31.4,8,1.00348927198739
31.6,8,1.00360742251821
31.8,8,1.00371701699554
32,8,1.00381789493886
32.2,8,1.00390989602862
32.4,8,1.00399286012019
32.6,8,1.00406662725807
32.8,8,1.00413103769027
33,8,1.00418593188301
33.2,8,1.0042311505356
33.4,8,1.00426653459561
33.6,8,1.00429192527426
33.8,8,1.004307164062
34,8,1.00431209274443
34.2,8,1.00430655341836
34.4,8,1.00429038850814
34.6,8,1.0042634407822
34.8,8,1.00422627001849
35,8,1.00418268833223
35.2,8,1.00413742938091
35.4,8,1.00409522607578
35.6,8,1.00406081055378
35.8,8,1.00403891443313
36,8,1.00403426929176
36.2,8,1.00405160736895
36.4,8,1.00409566248989
36.6,8,1.00417117121363
36.8,8,1.00428287420459
37,8,1.0044355178282
37.2,8,1.00463385597133
37.4,8,1.00488265208841
37.6,8,1.00518668147448
37.8,8,1.0055507337665
38,8,1.00597961567489
38.2,8,1.00647815394719
38.4,8,1.00705119856655
38.6,8,1.00770362618783
38.8,8,1.00844034381472
39,8,1.00926629272172
39.2,8,1.01018645262531
39.4,8,1.01120584610925
39.6,8,1.01232954330944
39.8,8,1.01356266686448
40,8,1.0149103971387
0,9,1.12824084030495
0.2,9,1.12765199153102
0.4,9,1.12705039298404
0.6,9,1.126447710409
0.8,9,1.12585558477493
1,9,1.12528563276401
1.2,9,1.12474944846119
1.4,9,1.1242586062403
1.6,9,1.12382463798931
1.8,9,1.12345370405931
2,9,1.12314016632693
2.2,9,1.12287683023648
2.4,9,1.12265651535303
2.6,9,1.12247205238883
2.8,9,1.12231628068906
3,9,1.12218204617549
3.2,9,1.12206219974687
3.4,9,1.1219495961351
3.6,9,1.12183709321664
3.8,9,1.12171755177882
4,9,1.12158383574056
4.2,9,1.12142881282719
4.4,9,1.12124535569904
4.6,9,1.12102634353305
4.8,9,1.12076466405672
5,9,1.12045321603311
5.2,9,1.12008491219548
5.4,9,1.11965268262937
5.6,9,1.11914947859972
5.8,9,1.1185682768196
6,9,1.11790208415669
6.2,9,1.11714394277284
6.4,9,1.1162869356909
6.6,9,1.11532419278248
6.8,9,1.11424889716894
7,9,1.11305429202702
7.2,9,1.11173434011547
7.4,9,1.11029073336041
7.6,9,1.10873017257089
7.8,9,1.10705944646472
8,9,1.10528533990937
8.2,9,1.10341462761584
8.4,9,1.10145406823184
8.6,9,1.09941039883608
8.8,9,1.0972903298341
9,9,1.09510054025551
9.2,9,1.09284767345147
9.4,9,1.09053833319065
9.6,9,1.08817908015116
9.8,9,1.08577642880546
10,9,1.08333684469446
10.2,9,1.08086674208683
10.4,9,1.07837248201899
10.6,9,1.07586037071078
10.8,9,1.07333665835186
11,9,1.07080753825328
11.2,9,1.06827914635873
11.4,9,1.06575756110985
11.6,9,1.06324880365981
11.8,9,1.06075883842951
12,9,1.0582935740008
12.2,9,1.05585886434105
12.4,9,1.05346051035385
12.6,9,1.05110426012319
12.8,9,1.04879456957525
13,9,1.04653240666723
13.2,9,1.04431814034728
13.4,9,1.04215214048264
13.6,9,1.04003477809966
13.8,9,1.03796642562604
14,9,1.0359474571351
14.2,9,1.03397824859224
14.4,9,1.03205917810375
14.6,9,1.0301906261679
14.8,9,1.02837297592855
15,9,1.02660661343122
15.2,9,1.02489192788179
15.4,9,1.02322931190801
15.6,9,1.02161916182369
15.8,9,1.0200618778959
16,9,1.01855786461518
16.2,9,1.01710753096892
16.4,9,1.01571129071793
16.6,9,1.01436956267648
16.8,9,1.01308277099578
17,9,1.01185134545116
17.2,9,1.010675721733
17.4,9,1.00955634174156
17.6,9,1.00849365388593
17.8,9,1.00748811338715
18,9,1.00654018258574
18.2,9,1.0056502555932
18.4,9,1.00481751543325
18.6,9,1.00404017237045
18.8,9,1.00331642293608
19,9,1.00264447726108
19.2,9,1.00202255816623
19.4,9,1.00144890028589
19.6,9,1.00092174922482
19.8,9,1.00043936074762
20,9,1
20.2,9,0.999601940761757
20.4,9,0.999243464730725
20.6,9,0.998922860837479
20.8,9,0.998638424590348
21,9,0.998388457450423
21.2,9,0.998171266236242
21.4,9,0.997985162557896
21.6,9,0.997828462280285
21.8,9,0.997699485015315
22,9,0.997596553642839
22.2,9,0.997517993860151
22.4,9,0.997462133759908
22.6,9,0.997427303436312
22.8,9,0.99741183461948
23,9,0.997414060337861
23.2,9,0.997432314608667
23.4,9,0.997464932156218
23.6,9,0.997510248170263
23.8,9,0.997566807131375
24,9,0.997633894991245
24.2,9,0.997710962126266
24.4,9,0.997797459053166
24.6,9,0.997892836375441
24.8,9,0.997996544732841
25,9,0.998108034753884
25.2,9,0.998226757011401
25.4,9,0.998352161981119
25.6,9,0.998483700003269
25.8,9,0.99862082124723
26,9,0.998762975679196
26.2,9,0.998909613032884
26.4,9,0.999060182783264
26.6,9,0.999214134123333
26.8,9,0.999370915943919
27,9,0.99952997681653
27.2,9,0.999690764979236
27.4,9,0.999852728325607
27.6,9,1.00001531439669
27.8,9,1.00017797037603
28,9,1.00034014308778
28.2,9,1.00050127899781
28.4,9,1.00066082421796
28.6,9,1.00081822451325
28.8,9,1.00097292531227
29,9,1.00112437172056
29.2,9,1.00127202285003
29.4,9,1.00141566817411
29.6,9,1.00155542855649
29.8,9,1.00169143944992
30,9,1.00182383642473
30.2,9,1.00195275516385
30.4,9,1.002078331458
30.6,9,1.00220070120101
30.8,9,1.00232000038537
31,9,1.00243636509797
31.2,9,1.00254993151598
31.4,9,1.00266083590297
31.6,9,1.00276921460517
31.8,9,1.00287520404792
32,9,1.00297894073236
32.2,9,1.00308056123219
32.4,9,1.00318020219078
32.6,9,1.00327800031829
32.8,9,1.00337409238911
33,9,1.0034686152394
33.2,9,1.00356170576491
33.4,9,1.00365350091886
33.6,9,1.00374413771013
33.8,9,1.00383375320155
34,9,1.00392248450843
34.2,9,1.00401046879723
34.4,9,1.00409784328451
34.6,9,1.0041847452359
34.8,9,1.00427176245289
35,9,1.00436152749063
35.2,9,1.00445725360203
35.4,9,1.00456215538098
35.6,9,1.00467944896645
35.8,9,1.00481235238759
36,9,1.00496408601188
36.2,9,1.00513787309648
36.4,9,1.00533694044301
36.6,9,1.00556451915594
36.8,9,1.00582384550499
37,9,1.00611816189189
37.2,9,1.00645071792198
37.4,9,1.0068247715811
37.6,9,1.00724359051871
37.8,9,1.00771045343765
38,9,1.00822865159174
38.2,9,1.0088014903921
38.4,9,1.00943229112336
38.6,9,1.01012439277107
38.8,9,1.01088115396192
39,9,1.0117059550182
39.2,9,1.01260220012852
39.4,9,1.01357331963675
39.6,9,1.01462277245138
39.8,9,1.01575404857785
40,9,1.01697067177645
0,10,1.12163124415633
0.2,10,1.12089355265465
0.4,10,1.12015081429312
0.6,10,1.11941429701241
0.8,10,1.11869523921742
1,10,1.11800485096632
1.2,10,1.1173543162852
1.4,10,1.11675479660374
1.6,10,1.11621740913343
1.8,10,1.1157480336054
2,10,1.1153410517098
2.2,10,1.1149893324253
2.4,10,1.11468576260246
2.6,10,1.11442324367683
2.8,10,1.11419468883627
3,10,1.11399302064037
3.2,10,1.11381116909052
3.4,10,1.11364207014928
3.6,10,1.11347866470816
3.8,10,1.1133138980032
4,10,1.11314071947768
4.2,10,1.11295208309157
4.4,10,1.11274094807719
4.6,10,1.11250028014047
4.8,10,1.11222305310707
5,10,1.11190225101229
5.2,10,1.11153087063354
5.4,10,1.11110192446343
5.6,10,1.11060844412139
5.8,10,1.11004348420097
6,10,1.10940012654928
6.2,10,1.10867148497454
6.4,10,1.10785071037674
6.6,10,1.10693099629549
6.8,10,1.10590558486854
7,10,1.10476777319293
7.2,10,1.10351155654368
7.4,10,1.10213846778904
7.6,10,1.10065492496993
7.8,10,1.09906743089001
8,10,1.0973824840136
8.2,10,1.09560657271527
8.4,10,1.09374616989976
8.6,10,1.09180772799351
8.8,10,1.08979767430808
9,10,1.08772240677518
9.2,10,1.08558829005222
9.4,10,1.0834016519967
9.6,10,1.08116878050704
9.8,10,1.07889592072712
10,10,1.07658927261118
10.2,10,1.07425498884532
10.4,10,1.07189917312161
10.6,10,1.06952787876037
10.8,10,1.06714710767597
11,10,1.06476280968152
11.2,10,1.06238088212719
11.4,10,1.06000716986751
11.6,10,1.05764746555225
11.8,10,1.05530751023611
12,10,1.05299299430205
12.2,10,1.05070955869358
12.4,10,1.04846279645118
12.6,10,1.04625825295456
12.8,10,1.04410021195472
13,10,1.04198954359191
13.2,10,1.03992653261841
13.4,10,1.03791146584342
13.6,10,1.03594463232984
13.8,10,1.03402632359266
14,10,1.03215683379902
14.2,10,1.03033645997008
14.4,10,1.02856550218466
14.6,10,1.02684426378483
14.8,10,1.02517305158344
15,10,1.02355217607377
15.2,10,1.02198195164128
15.4,10,1.02046269677757
15.6,10,1.0189947342967
15.8,10,1.01757839155393
16,10,1.01621400066691
16.2,10,1.0149018987395
16.4,10,1.0136424280883
16.6,10,1.01243593647199
16.8,10,1.01128277732355
17,10,1.01018330998554
17.2,10,1.0091378999485
17.4,10,1.00814691909265
17.6,10,1.00721074593289
17.8,10,1.00632976586739
18,10,1.00550437142976
18.2,10,1.00473487287075
18.4,10,1.00402014329403
18.6,10,1.00335790025016
18.8,10,1.00274584205333
19,10,1.00218168014071
19.2,10,1.00166313797546
19.4,10,1.00118795000322
19.6,10,1.00075386066152
19.8,10,1.00035862344128
20,10,1
20.2,10,0.999675759326065
20.4,10,0.999383676953632
20.6,10,0.999121534227802
20.8,10,0.998887117619631
21,10,0.998678218090684
21.2,10,0.998492630506851
21.4,10,0.998328153101174
21.6,10,0.99818258698549
21.8,10,0.998053735710695
22,10,0.997939404875494
22.2,10,0.997837401783504
22.4,10,0.997745535148626
22.6,10,0.997661614848578
22.8,10,0.997583451726554
23,10,0.997508857440938
23.2,10,0.997435644363038
23.4,10,0.997361625522819
23.6,10,0.997284614632922
23.8,10,0.997202950340745
24,10,0.997116830681437
24.2,10,0.997026865465354
24.4,10,0.996933664332726
24.6,10,0.996837836732027
24.8,10,0.996739991902072
25,10,0.996640738857829
25.2,10,0.996540686379963
25.4,10,0.996440443008095
25.6,10,0.996340617037777
25.8,10,0.996241816521182
26,10,0.996144649271513
26.2,10,0.996049722871107
26.4,10,0.995957644683262
26.6,10,0.995869021867758
26.8,10,0.995784461400082
27,10,0.99570457009436
27.2,10,0.99562995462998
27.4,10,0.995561221581922
27.6,10,0.995498977454778
27.8,10,0.995443828720477
28,10,0.995396381859705
28.2,10,0.995357243407024
28.4,10,0.9953270199997
28.6,10,0.995306318430228
28.8,10,0.99529574570257
29,10,0.995295909092109
29.2,10,0.995307391997513
29.4,10,0.995330218972934
29.6,10,0.995363854383946
29.8,10,0.995407738410515
30,10,0.995461311462126
30.2,10,0.995524014121674
30.4,10,0.995595287092518
30.6,10,0.99567457114868
30.8,10,0.995761307088201
31,10,0.995854935689648
31.2,10,0.995954897671762
31.4,10,0.996060633656259
31.6,10,0.996171584133765
31.8,10,0.996287189432914
32,10,0.996406889692571
32.2,10,0.996530124837223
32.4,10,0.9966563345555
32.6,10,0.996784958281857
32.8,10,0.996915435181409
33,10,0.99704720413791
33.2,10,0.997179703744905
33.4,10,0.997312372300023
33.6,10,0.997444647802454
33.8,10,0.997575967953571
34,10,0.997705770160736
34.2,10,0.997833491544272
34.4,10,0.997958568947605
34.6,10,0.998080438950592
34.8,10,0.998199110862964
35,10,0.998317194576595
35.2,10,0.998438038645786
35.4,10,0.998564993310108
35.6,10,0.998701410594839
35.8,10,0.998850644572256
36,10,0.999016051735534
36.2,10,0.999200991485411
36.4,10,0.999408826729797
36.6,10,0.999642924596594
36.8,10,0.999906657260018
37,10,1.00020340288081
37.2,10,1.00053654666079
37.4,10,1.00090948201234
37.6,10,1.00132561184344
37.8,10,1.00178834995902
38,10,1.00230112257968
38.2,10,1.00286736997854
38.4,10,1.00349054823774
38.6,10,1.00417413112567
38.8,10,1.00492161209666
39,10,1.00573650641473
39.2,10,1.00662235340329
39.4,10,1.00758271882311
39.6,10,1.00862119738061
39.8,10,1.00974141536933
40,10,1.01094703344728
0,11,1.0858172649969
0.2,11,1.0850287756348
0.4,11,1.08423932003014
0.6,11,1.08345760776504
0.8,11,1.08269232340484
1,11,1.08195212746764
1.2,11,1.08124565808811
1.4,11,1.08058153337247
1.6,11,1.07996833521724
1.8,11,1.07941079492203
2,11,1.07890519736851
2.2,11,1.07844671730358
2.4,11,1.07803054416578
2.6,11,1.07765188010295
2.8,11,1.0773059382049
3,11,1.07698794094981
3.2,11,1.07669311886335
3.4,11,1.07641670938948
3.6,11,1.07615395597245
3.8,11,1.07590010734923
4,11,1.07565041705191
4.2,11,1.07540014311971
4.4,11,1.07514454802018
4.6,11,1.07487889877923
4.8,11,1.07459846731969
5,11,1.07429853100798
5.2,11,1.07397437340844
5.4,11,1.0736212852449
5.6,11,1.07323456556871
5.8,11,1.07280952313262
6,11,1.07234147796959
6.2,11,1.07182576317531
6.4,11,1.07125772689329
6.6,11,1.07063273450094
6.8,11,1.06994617099479
7,11,1.0691934435729
7.2,11,1.06837038543194
7.4,11,1.06747756617624
7.6,11,1.06651862841115
7.8,11,1.06549726708698
8,11,1.06441717505884
8.2,11,1.06328204103761
8.4,11,1.06209554766573
8.6,11,1.06086136971816
8.8,11,1.05958317242848
9,11,1.05826460994015
9.2,11,1.05690932388258
9.4,11,1.05552094207174
9.6,11,1.0541030773347
9.8,11,1.05265932645754
10,11,1.05119326925591
10.2,11,1.04970846776728
10.4,11,1.04820846556424
10.6,11,1.04669678718758
10.8,11,1.04517693769835
11,11,1.04365240234763
11.2,11,1.04212664636311
11.4,11,1.04060311485108
11.6,11,1.03908523281289
11.8,11,1.03757640527463
12,11,1.03608001752887
12.2,11,1.03459943548731
12.4,11,1.0331380061433
12.6,11,1.0316990572789
12.8,11,1.03028523832398
13,11,1.02889734921506
13.2,11,1.02753587050004
13.4,11,1.02620128164959
13.6,11,1.02489406119509
13.8,11,1.02361468686902
14,11,1.02236363574777
14.2,11,1.02114138439681
14.4,11,1.01994840901841
14.6,11,1.01878518560173
14.8,11,1.01765219007545
15,11,1.01654989846288
15.2,11,1.01547878703957
15.4,11,1.01443933249352
15.6,11,1.01343201208793
15.8,11,1.0124573038266
16,11,1.0115156866219
16.2,11,1.0106076404655
16.4,11,1.00973364660176
16.6,11,1.00889418770394
16.8,11,1.00808974805308
17,11,1.00732081371991
17.2,11,1.0065878727495
17.4,11,1.00589141534893
17.6,11,1.00523193407794
17.8,11,1.00460992404268
18,11,1.00402588309247
18.2,11,1.00348022558312
18.4,11,1.0029719760236
18.6,11,1.00249903926719
18.8,11,1.00205929566144
19,11,1.00165063262601
19.2,11,1.00127094398212
19.4,11,1.0009181293267
19.6,11,1.0005900934512
19.8,11,1.00028474580452
20,11,1
20.2,11,0.999733773366163
20.4,11,0.999483986540985
20.6,11,0.999248563109609
20.8,11,0.999025429285299
21,11,0.99881251363352
21.2,11,0.998607746839039
21.4,11,0.998409061515941
21.6,11,0.998214392060498
21.8,11,0.998021674546795
22,11,0.997828846665061
22.2,11,0.997633847702639
22.4,11,0.997434618567547
22.6,11,0.997229101854549
22.8,11,0.997015241953701
23,11,0.996790985201286
23.2,11,0.996554280073078
23.4,11,0.996303077419839
23.6,11,0.996035330787146
23.8,11,0.995749725576222
24,11,0.995447533453047
24.2,11,0.99513059770036
24.4,11,0.99480075998462
24.6,11,0.994459860101146
24.8,11,0.994109735753269
25,11,0.993752222365448
25.2,11,0.993389152930285
25.4,11,0.993022357889383
25.6,11,0.992653665047961
25.8,11,0.992284899523142
26,11,0.991917883725845
26.2,11,0.991554437376172
26.4,11,0.991196377552227
26.6,11,0.990845518772266
26.8,11,0.990503673110097
27,11,0.990172650343669
27.2,11,0.98985425813676
27.4,11,0.989550302253713
27.6,11,0.989262586807177
27.8,11,0.988992914538791
28,11,0.988743087132814
28.2,11,0.988514905562666
28.4,11,0.988310170470401
28.6,11,0.988130682579132
28.8,11,0.987978243138455
29,11,0.987854654402936
29.2,11,0.987761640152145
29.4,11,0.987699078756996
29.6,11,0.987664999672353
29.8,11,0.987657354353946
30,11,0.987674096557016
30.2,11,0.987713181809925
30.4,11,0.987772566930343
30.6,11,0.987850209583915
30.8,11,0.987944067885288
31,11,0.988052100041472
31.2,11,0.988172264037449
31.4,11,0.988302517364053
31.6,11,0.988440816788067
31.8,11,0.988585118164593
32,11,0.988733376291672
32.2,11,0.988883544807214
32.4,11,0.989033576128261
32.6,11,0.989181421432634
32.8,11,0.989325030682992
33,11,0.989462352693371
33.2,11,0.989591335238222
33.4,11,0.989709925203998
33.6,11,0.989816068783314
33.8,11,0.989907711711696
34,11,0.989982799546935
34.2,11,0.990039277991025
34.4,11,0.990075093254666
34.6,11,0.990088192464288
34.8,11,0.990077564356003
35,11,0.990046919973108
35.2,11,0.990001309639102
35.4,11,0.989945783692061
35.6,11,0.989885391762262
35.8,11,0.989825182395225
36,11,0.989770202932292
36.2,11,0.98972549964861
36.4,11,0.989696118148449
36.6,11,0.989687104017792
36.8,11,0.989703503734196
37,11,0.989750365834088
37.2,11,0.989832742337739
37.4,11,0.989955690432398
37.6,11,0.990124274414267
37.8,11,0.990343567890261
38,11,0.990618656240784
38.2,11,0.990954639345118
38.4,11,0.991356634571341
38.6,11,0.991829780033161
38.8,11,0.992379238116457
39,11,0.993010199278827
39.2,11,0.993727886125976
39.4,11,0.994537557769342
39.6,11,0.995444514469975
39.8,11,0.996454102574353
40,11,0.997571719748507
0,12,1.04603483569802
0.2,12,1.04541367563513
0.4,12,1.04479089940755
0.6,12,1.04417133213499
0.8,12,1.04355978751484
1,12,1.04296106808117
1.2,12,1.04237996568515
1.4,12,1.04182126219601
1.6,12,1.04128972100921
1.8,12,1.04078821874106
2,12,1.040315494089
2.2,12,1.03986973968544
2.4,12,1.03944915338733
2.6,12,1.03905193782868
2.8,12,1.03867630000439
3,12,1.03832045088529
3.2,12,1.03798260506417
3.4,12,1.0376609804327
3.6,12,1.03735379788901
3.8,12,1.03705928107595
4,12,1.03677565614976
4.2,12,1.03650115157922
4.4,12,1.0362339979751
4.6,12,1.03597242794983
4.8,12,1.03571467600735
5,12,1.03545897846308
5.2,12,1.035203573394
5.4,12,1.03494670061863
5.6,12,1.03468660170704
5.8,12,1.03442152002073
6,12,1.0341497007824
6.2,12,1.03386939117539
6.4,12,1.033578840473
6.6,12,1.03327630019738
6.8,12,1.03296002430803
7,12,1.03262826941985
7.2,12,1.03227940274422
7.4,12,1.03191305994603
7.6,12,1.03152970087107
7.8,12,1.03112979957564
8,12,1.03071383022079
8.2,12,1.03028226699891
8.4,12,1.02983558406233
8.6,12,1.02937425545414
8.8,12,1.02889875504106
9,12,1.02840955644852
9.2,12,1.0279071329978
9.4,12,1.02739195764537
9.6,12,1.02686450292433
9.8,12,1.02632524088801
10,12,1.02577464305572
10.2,12,1.02521318036062
10.4,12,1.02464132309971
10.6,12,1.02405954088606
10.8,12,1.023468302603
11,12,1.02286807636064
11.2,12,1.02225932945434
11.4,12,1.02164252832546
11.6,12,1.02101813852409
11.8,12,1.02038662467401
12,12,1.01974845043968
12.2,12,1.01910407849537
12.4,12,1.01845397049637
12.6,12,1.01779858729244
12.8,12,1.01713857235418
13,12,1.01647507844483
13.2,12,1.01580934349033
13.4,12,1.01514260221212
13.6,12,1.01447608610737
13.8,12,1.01381102344432
14,12,1.01314863927237
14.2,12,1.01249015544711
14.4,12,1.01183679067005
14.6,12,1.01118976054311
14.8,12,1.01055027763764
15,12,1.00991955157816
15.2,12,1.00929878914047
15.4,12,1.00868919436427
15.6,12,1.00809196868022
15.8,12,1.00750831105125
16,12,1.00693941812828
16.2,12,1.00638648442013
16.4,12,1.00585070247768
16.6,12,1.00533326309228
16.8,12,1.00483535550821
17,12,1.00435816764948
17.2,12,1.00390288636063
17.4,12,1.00347069766176
17.6,12,1.00306278701773
17.8,12,1.00268033962148
18,12,1.00232454069163
18.2,12,1.00199646531684
18.4,12,1.00169540852508
18.6,12,1.00141922906654
18.8,12,1.0011657487748
19,12,1.00093279331467
19.2,12,1.00071819171472
19.4,12,1.0005197759469
19.6,12,1.00033538055348
19.8,12,1.0001628423208
20,12,1
20.2,12,0.99984469407443
20.4,12,0.999694766573794
20.6,12,0.999548060934875
20.8,12,0.999402421908817
21,12,0.999255695514899
21.2,12,0.999105729040755
21.4,12,0.998950371088989
21.6,12,0.998787471670138
21.8,12,0.998614882341931
22,12,0.998430456394774
22.2,12,0.998232049083403
22.4,12,0.998017517904615
22.6,12,0.997784722920977
22.8,12,0.997531527130397
23,12,0.997255796881429
23.2,12,0.996955402334139
23.4,12,0.996628217966344
23.6,12,0.996272123180366
23.8,12,0.995885958972674
24,12,0.995471959847254
24.2,12,0.995033109622477
24.4,12,0.994572388931543
24.6,12,0.994092774526472
24.8,12,0.993597238671092
25,12,0.993088748622872
25.2,12,0.992570266203408
25.4,12,0.992044747457316
25.6,12,0.991515142399275
25.8,12,0.990984394848912
26,12,0.990455442353226
26.2,12,0.989931216196231
26.4,12,0.989414641495486
26.6,12,0.988908637385204
26.8,12,0.988416117285614
27,12,0.987939989258305
27.2,12,0.98748315644728
27.4,12,0.987048517605482
27.6,12,0.986638967706622
27.8,12,0.986257398642134
28,12,0.985906700003204
28.2,12,0.985589759947811
28.4,12,0.985309466152842
28.6,12,0.985068706851382
28.8,12,0.98487037195539
29,12,0.984717354264028
29.2,12,0.984612405926399
29.4,12,0.984554939628803
29.6,12,0.984541022244124
29.8,12,0.984566580611551
30,12,0.984627546239301
30.2,12,0.984719853756838
30.4,12,0.984839439535778
30.6,12,0.984982240479064
30.8,12,0.985144192978134
31,12,0.985321232037934
31.2,12,0.985509290569763
31.4,12,0.985704298851978
31.6,12,0.985902184158723
31.8,12,0.986098870556845
32,12,0.986290278871217
32.2,12,0.986472326818709
32.4,12,0.986640929311026
32.6,12,0.986791998926603
32.8,12,0.986921446551734
33,12,0.987025182191008
33.2,12,0.987099115947062
33.4,12,0.987139159169563
33.6,12,0.987141225773183
33.8,12,0.987101233724216
34,12,0.987015106695312
34.2,12,0.986878775887606
34.4,12,0.986688182019353
34.6,12,0.986439277479926
34.8,12,0.986129828996854
35,12,0.985765784197
35.2,12,0.985355406420583
35.4,12,0.98490695286824
35.6,12,0.984428670924166
35.8,12,0.98392879532153
36,12,0.983415545996993
36.2,12,0.982897126632622
36.4,12,0.982381723883091
36.6,12,0.981877507285815
36.8,12,0.981392629851534
37,12,0.980935229332939
37.2,12,0.980513430169151
37.4,12,0.980135346104224
37.6,12,0.97980908347839
37.8,12,0.979542745191433
38,12,0.979344435338441
38.2,12,0.979222264519174
38.4,12,0.979184355823436
38.6,12,0.979238851496175
38.8,12,0.979393920287488
39,12,0.979657765494365
39.2,12,0.980038633702786
39.4,12,0.980544824240783
39.6,12,0.98118469935521
39.8,12,0.981966695127285
40,12,0.982899333144499
0,13,1.02339648142012
0.2,13,1.02322193076831
0.4,13,1.02304067162098
0.6,13,1.02285302212974
0.8,13,1.02265930033911
1,13,1.02245982416729
1.2,13,1.02225491138785
1.4,13,1.02204487961244
1.6,13,1.02183004678861
1.8,13,1.0216108333227
2,13,1.02138788527814
2.2,13,1.02116187830572
2.4,13,1.02093348749222
2.6,13,1.02070338734245
2.8,13,1.02047225176572
3,13,1.02024075406684
3.2,13,1.02000956694143
3.4,13,1.01977936247585
3.6,13,1.01955081215135
3.8,13,1.01932458685285
4,13,1.019101356882
4.2,13,1.01888179197469
4.4,13,1.01866656132298
4.6,13,1.0184563336014
4.8,13,1.0182517769977
5,13,1.0180535592479
5.2,13,1.0178623476758
5.4,13,1.01767880923682
5.6,13,1.01750361056627
5.8,13,1.01733741803193
6,13,1.01718089779105
6.2,13,1.01703471585169
6.4,13,1.0168995381385
6.6,13,1.01677603056277
6.8,13,1.01666485909695
7,13,1.01656668985353
7.2,13,1.0164820713272
7.4,13,1.01641016729964
7.6,13,1.01634924146116
7.8,13,1.01629754296978
8,13,1.01625332162545
8.2,13,1.0162148277263
8.4,13,1.016180311955
8.6,13,1.01614802529519
8.8,13,1.01611621897812
9,13,1.01608314445933
9.2,13,1.01604705342537
9.4,13,1.01600619783076
9.6,13,1.01595882996483
9.8,13,1.01590320254881
10,13,1.01583756886283
10.2,13,1.01576018290303
10.4,13,1.01566929956869
10.6,13,1.01556317487922
10.8,13,1.01544006622123
11,13,1.01529823262534
11.2,13,1.01513593507286
11.4,13,1.01495143683217
11.6,13,1.01474300382472
11.8,13,1.01450890502051
12,13,1.01424741286302
12.2,13,1.01395680372326
12.4,13,1.01363535838294
12.6,13,1.01328136396647
12.8,13,1.01289419974483
13,13,1.01247627211307
13.2,13,1.01203050794684
13.4,13,1.01155983149556
13.6,13,1.01106716362508
13.8,13,1.01055542114443
14,13,1.01002751621664
14.2,13,1.00948635585344
14.4,13,1.00893484149374
14.6,13,1.00837586866541
14.8,13,1.0078123267305
15,13,1.00724709871311
15.2,13,1.00668306121011
15.4,13,1.00612308438395
15.6,13,1.00557003203757
15.8,13,1.00502676177093
16,13,1.00449612521884
16.2,13,1.00398096836986
16.4,13,1.00348413196605
16.6,13,1.00300845198314
16.8,13,1.00255676019109
17,13,1.00213188479485
17.2,13,1.00173665115511
17.4,13,1.00137388258904
17.6,13,1.00104640125104
17.8,13,1.00075702909351
18,13,1.00050858890779
18.2,13,1.00030370452857
18.4,13,1.00014176362801
18.6,13,1.0000195412621
18.8,13,0.999933744054099
19,13,0.99988108398263
19.2,13,0.999858277239593
19.4,13,0.999862043196587
19.6,13,0.999889103479481
19.8,13,0.999936181150842
20,13,1
20.2,13,1.00007728394061
20.4,13,1.00016475651564
20.6,13,1.00025914050969
20.8,13,1.00035715766877
21,13,1.00045552852745
21.2,13,1.0005509723435
21.4,13,1.00064020714008
21.6,13,1.0007199498556
21.8,13,1.00078691660119
22,13,1.00083782302596
22.2,13,1.00086938478995
22.4,13,1.00087831814486
22.6,13,1.00086134062238
22.8,13,1.00081517183004
23,13,1.00073653435441
23.2,13,1.00062215477128
23.4,13,1.0004687647626
23.6,13,1.0002731024174
23.8,13,1.00003325856155
24,13,0.999752099850833
24.2,13,0.999433551203307
24.4,13,0.999081537079032
24.6,13,0.998699980095128
24.8,13,0.998292799794307
25,13,0.997863911566886
25.2,13,0.997417225726194
25.4,13,0.996956646737174
25.6,13,0.996486072597899
25.8,13,0.996009394373623
26,13,0.995530495882955
26.2,13,0.995053253535677
26.4,13,0.99458153632172
26.6,13,0.994119205950788
26.8,13,0.993670117142147
27,13,0.993238118064082
27.2,13,0.992827050922619
27.4,13,0.992440752699111
27.6,13,0.992083056036387
27.8,13,0.991757790273266
28,13,0.991468782627292
28.2,13,0.991219859525723
28.4,13,0.99101484808491
28.6,13,0.990857577738356
28.8,13,0.990751882013934
29,13,0.990701600460902
29.2,13,0.990710369016007
29.4,13,0.990776943538013
29.6,13,0.990895187392105
29.8,13,0.99105875568624
30,13,0.991261306169713
30.2,13,0.991496496530887
30.4,13,0.991757982101732
30.6,13,0.992039413968865
30.8,13,0.992334437491155
31,13,0.992636691224268
31.2,13,0.99293980625275
31.4,13,0.993237405930407
31.6,13,0.993523106029821
31.8,13,0.99379051530185
32,13,0.994033236445913
32.2,13,0.994244867491679
32.4,13,0.994419003592636
32.6,13,0.994549239231653
32.8,13,0.994629170838359
33,13,0.994652399817674
33.2,13,0.994612535988352
33.4,13,0.994503201429806
33.6,13,0.994318034734816
33.8,13,0.994050695665031
34,13,0.993694870205329
34.2,13,0.993244276012284
34.4,13,0.992692668251013
34.6,13,0.9920338458137
34.8,13,0.991264444041699
35,13,0.990393778214032
35.2,13,0.989434742979538
35.4,13,0.988400210341888
35.6,13,0.987303018868182
35.8,13,0.986155964795895
36,13,0.98497179479756
36.2,13,0.983763200395148
36.4,13,0.982542814013835
36.6,13,0.98132320666308
36.8,13,0.980116887231874
37,13,0.978936303384427
37.2,13,0.977793844042621
37.4,13,0.976701843442157
37.6,13,0.975672586750471
37.8,13,0.974718317236239
38,13,0.973851244982539
38.2,13,0.973083557138556
38.4,13,0.972427429708104
38.6,13,0.971895040877102
38.8,13,0.971498585886635
39,13,0.971250293463221
39.2,13,0.971162443823467
39.4,13,0.971247388276469
39.6,13,0.971517570454021
39.8,13,0.971985549206069
40,13,0.972664023206826
0,14,1.01500821007752
0.2,14,1.01541201088869
0.4,14,1.01580100736108
0.6,14,1.01617077887967
0.8,14,1.0165168993641
1,14,1.01683493820022
1.2,14,1.0171204613643
1.4,14,1.01736903274027
1.6,14,1.01757622607714
1.8,14,1.01773970300891
2,14,1.01786172395902
2.2,14,1.0179451680357
2.4,14,1.01799291990975
2.6,14,1.01800786876054
2.8,14,1.01799290730316
3,14,1.01795093089725
3.2,14,1.01788483673766
3.4,14,1.01779752312718
3.6,14,1.01769188883165
3.8,14,1.01757083251739
4,14,1.0174372522711
4.2,14,1.01729404520228
4.4,14,1.01714410712814
4.6,14,1.01699033234089
4.8,14,1.01683561345747
5,14,1.01668284135157
5.2,14,1.01653490516789
5.4,14,1.01639469241848
5.6,14,1.01626508916123
5.8,14,1.01614898026027
6,14,1.01604924972836
6.2,14,1.01596878115113
6.4,14,1.01591045819326
6.6,14,1.01587716518665
6.8,14,1.01587178780049
7,14,1.01589721379367
7.2,14,1.01595600974073
7.4,14,1.01604693587942
7.6,14,1.01616627667234
7.8,14,1.01631027521369
8,14,1.01647517445448
8.2,14,1.01665721635926
8.4,14,1.01685264120198
8.6,14,1.01705768700085
8.8,14,1.01726858909247
9,14,1.01748157984514
9.2,14,1.01769288851171
9.4,14,1.01789874122207
9.6,14,1.01809536111547
9.8,14,1.01827896861294
10,14,1.01844578182986
10.2,14,1.01859201712901
10.4,14,1.01871388981395
10.6,14,1.01880761496293
10.8,14,1.01886940840324
11,14,1.01889548782575
11.2,14,1.01888207403954
11.4,14,1.01882539236612
11.6,14,1.01872167417274
11.8,14,1.01856715854414
12,14,1.01835809409193
12.2,14,1.01809074090053
12.4,14,1.01776137260848
12.6,14,1.01736628147608
12.8,14,1.01690396052908
13,14,1.01637898979693
13.2,14,1.01579699927293
13.4,14,1.01516361651919
13.6,14,1.01448446368924
13.8,14,1.0137651548601
14,14,1.01301129367369
14.2,14,1.01222847128731
14.4,14,1.01142226463257
14.6,14,1.01059823498161
14.8,14,1.00976192681959
15,14,1.00891886702183
15.2,14,1.00807456433422
15.4,14,1.0072345091551
15.6,14,1.00640417361689
15.8,14,1.00558901196582
16,14,1.00479446123792
16.2,14,1.00402594222981
16.4,14,1.00328886076263
16.6,14,1.00258860923784
16.8,14,1.0019305684839
17,14,1.00132010989271
17.2,14,1.00076259784553
17.4,14,1.00026339242796
17.6,14,0.99982785243429
17.8,14,0.999461338661749
18,14,0.999169217495831
18.2,14,0.998956522988263
18.4,14,0.998822791888105
18.6,14,0.998763124826505
18.8,14,0.998772513212782
19,14,0.998845963308236
19.2,14,0.998978492897552
19.4,14,0.999165128213295
19.6,14,0.999400901111613
19.8,14,0.999680846497714
20,14,1
20.2,14,1.00035339589216
20.4,14,1.00073606526274
20.6,14,1.00114303443212
20.8,14,1.00156932361685
21,14,1.00200994584175
21.2,14,1.00245990610017
21.4,14,1.00291420076298
21.6,14,1.00336781723707
21.8,14,1.00381573387398
22,14,1.00425292012952
22.2,14,1.00467433697523
22.4,14,1.00507493756224
22.6,14,1.00544966813836
22.8,14,1.00579346921884
23,14,1.00610127701132
23.2,14,1.00636802509507
23.4,14,1.0065886463546
23.6,14,1.00675807526825
23.8,14,1.00687299385267
24,14,1.00693627430768
24.2,14,1.0069521677286
24.4,14,1.00692493258884
24.6,14,1.00685883282549
24.8,14,1.00675813610399
25,14,1.00662711226263
25.2,14,1.00647003193747
25.4,14,1.00629116536789
25.6,14,1.00609478138307
25.8,14,1.00588514656944
26,14,1.00566652461896
26.2,14,1.00544317585828
26.4,14,1.00521935695839
26.6,14,1.00499932082463
26.8,14,1.00478731666675
27,14,1.00458759024871
27.2,14,1.00440438431807
27.4,14,1.00424193921466
27.6,14,1.00410449365834
27.8,14,1.00399628571599
28,14,1.00392155394749
28.2,14,1.00388453873106
28.4,14,1.00388948376814
28.6,14,1.00394063776834
28.8,14,1.00404225631511
29,14,1.00419860391305
29.2,14,1.0044136950768
29.4,14,1.00468552424627
29.6,14,1.00500604403947
29.8,14,1.00536694045071
30,14,1.00575989307647
30.2,14,1.00617657211065
30.4,14,1.00660863602971
30.6,14,1.00704772996895
30.8,14,1.00748548479145
31,14,1.00791351685165
31.2,14,1.00832342845574
31.4,14,1.00870680902074
31.6,14,1.00905523693424
31.8,14,1.00936028211629
32,14,1.00961350928441
32.2,14,1.00980648192204
32.4,14,1.00993076694989
32.6,14,1.00997794009867
32.8,14,1.00993959198043
33,14,1.00980733485462
33.2,14,1.00957281008306
33.4,14,1.00922769626695
33.6,14,1.00876371805671
33.8,14,1.00817265562378
34,14,1.00744635478132
34.2,14,1.00657673773856
34.4,14,1.00555581447116
34.6,14,1.00437569468724
34.8,14,1.00303239733522
35,14,1.00153924912076
35.2,14,0.999914442628197
35.4,14,0.99817611374846
35.6,14,0.996342319505201
35.8,14,0.994431019451081
36,14,0.992460060296581
36.2,14,0.990447163746275
36.4,14,0.988409917510713
36.6,14,0.986365769456774
36.8,14,0.984332024855713
37,14,0.982325846685989
37.2,14,0.980364258947345
37.4,14,0.978464152943524
37.6,14,0.976642296493309
37.8,14,0.974915346033377
38,14,0.973299861581622
38.2,14,0.97181232453615
38.4,14,0.970469158293111
38.6,14,0.969286751675769
38.8,14,0.968281485177908
39,14,0.967469760036646
39.2,14,0.966868030163142
39.4,14,0.966492836974506
39.6,14,0.966360847186499
39.8,14,0.966488893644405
40,14,0.966894019288899
