"value","lag","rr"
0,0,0.971097758527928
0.2,0,0.973084646031515
0.4,0,0.975045345810949
0.6,0,0.976976956820228
0.8,0,0.978876558869627
1,0,0.980741213511574
1.2,0,0.982567965013445
1.4,0,0.984353841417941
1.6,0,0.986095855691674
1.8,0,0.987791006962478
2,0,0.989436281845851
2.2,0,0.99102865586087
2.4,0,0.992565094935762
2.6,0,0.994042557003236
2.8,0,0.995457993685518
3,0,0.996808352068938
3.2,0,0.998090576567733
3.4,0,0.999301610876628
3.6,0,1.00043902834011
3.8,0,1.00150328827872
4,0,1.0024956937336
4.2,0,1.0034175695921
4.4,0,1.00427026150583
4.6,0,1.00505513488635
4.8,0,1.00577357391393
5,0,1.0064269805602
5.2,0,1.00701677362553
5.4,0,1.00754438779193
5.6,0,1.0080112726922
5.8,0,1.00841889199614
6,0,1.00876872251431
6.2,0,1.00906225332021
6.4,0,1.0093009848913
6.6,0,1.00948642826958
6.8,0,1.00962010424212
7,0,1.00970354254213
7.2,0,1.00973828107111
7.4,0,1.0097258651423
7.6,0,1.00966784674606
7.8,0,1.00956578383743
8,0,1.00942123964622
8.2,0,1.00923578201
8.4,0,1.00901098273019
8.6,0,1.00874841695158
8.8,0,1.00844966256545
9,0,1.0081164503943
9.2,0,1.00775165440437
9.4,0,1.00735867027608
9.6,0,1.00694089372223
9.8,0,1.00650171688252
10,0,1.00604452754889
10.2,0,1.00557270850492
10.4,0,1.00508963697889
10.6,0,1.00459868421043
10.8,0,1.00410321513032
11,0,1.00360658815316
11.2,0,1.00311215508252
11.4,0,1.00262326112821
11.6,0,1.00214324503526
11.8,0,1.00167543932426
12,0,1.00122317064266
12.2,0,1.00078976022676
12.4,0,1.00037852447399
12.6,0,0.999992775625398
12.8,0,0.999635822557951
13,0,0.999310971686715
13.2,0,0.999021527976763
13.4,0,0.998770796064895
13.6,0,0.998562081491322
13.8,0,0.998398692041552
14,0,0.998283939198878
14.2,0,0.998221139707959
14.4,0,0.998213255767952
14.6,0,0.998258435411136
14.8,0,0.998351400781875
15,0,0.998486805805709
15.2,0,0.998659307397587
15.4,0,0.998863563330419
15.6,0,0.999094230390283
15.8,0,0.999345962817965
16,0,0.99961341103674
16.2,0,0.999891220666545
16.4,0,1.00017403182484
16.6,0,1.00045647871459
16.8,0,1.00073318949988
17,0,1.00099878646972
17.2,0,1.00124788649063
17.4,0,1.0014751017484
17.6,0,1.00167504077959
17.8,0,1.00184230979292
18,0,1.00197151428077
18.2,0,1.00205726092057
18.4,0,1.00209415976577
18.6,0,1.00207682672571
18.8,0,1.00199988633323
19,0,1.00185797479882
19.2,0,1.00164574334916
19.4,0,1.00135786184799
19.6,0,1.00098902269614
19.8,0,1.00053435211216
20,0,1
20.2,0,0.999404102933008
20.4,0,0.9987653737014
20.6,0,0.998102484960484
20.8,0,0.997434062979877
21,0,0.996778684874644
21.2,0,0.99615487930321
21.4,0,0.995581130616333
21.6,0,0.995075886442713
21.8,0,0.994657568699854
22,0,0.994344588023634
22.2,0,0.994155361616657
22.4,0,0.99410833452386
22.6,0,0.994222004354035
22.8,0,0.994514949477913
23,0,0.995005860747294
23.2,0,0.995713576795423
23.4,0,0.996657122996446
23.6,0,0.997855754181471
23.8,0,0.9993290012305
24,0,1.00109672168353
24.2,0,1.00317915454046
24.4,0,1.00559697944838
24.6,0,1.00837138050643
24.8,0,1.01152411495296
25,0,1.01507758703783
25.2,0,1.0190546855819
25.4,0,1.02346092706002
25.6,0,1.02827176154222
25.8,0,1.03345964335856
26,0,1.03899680143034
26.2,0,1.04485513181155
26.4,0,1.05100609812476
26.6,0,1.05742063994014
26.8,0,1.0640690892266
27,0,1.07092109507788
27.2,0,1.07794555698331
27.4,0,1.08511056697397
27.6,0,1.09238336102782
27.8,0,1.09973028016402
28,0,1.10711674169435
28.2,0,1.11450722112986
28.4,0,1.12186524526126
28.6,0,1.12915339694312
28.8,0,1.13633333211236
29,0,1.14336580956169
29.2,0,1.15021073396664
29.4,0,1.15682721263072
29.6,0,1.1631736263663
29.8,0,1.16920771486826
30,0,1.17488667686319
30.2,0,1.18016728522875
30.4,0,1.18500601717478
30.6,0,1.18935923186818
30.8,0,1.19320026770358
31,0,1.19654767291031
31.2,0,1.19942820829085
31.4,0,1.20186950328881
31.6,0,1.20389994535427
31.8,0,1.20554857488816
32,0,1.20684498627719
32.2,0,1.20781923546153
32.4,0,1.20850175441189
32.6,0,1.20892327283024
32.8,0,1.20911474733135
33,0,1.20910729830891
33.2,0,1.20893215464233
33.4,0,1.20862060635797
33.6,0,1.20820396532134
33.8,0,1.20771353400555
34,0,1.20718058235603
34.2,0,1.20663633275154
34.4,0,1.20611195304786
34.6,0,1.20563855768252
34.8,0,1.20524721681688
35,0,1.20496897349549
35.2,0,1.20483486881213
35.4,0,1.20487597508748
35.6,0,1.20512343708396
35.8,0,1.20560852131081
36,0,1.20636267350461
36.2,0,1.20741098092238
36.4,0,1.20875062922894
36.6,0,1.21037147788854
36.8,0,1.21226352830353
37,0,1.21441689978136
37.2,0,1.21682180644285
37.4,0,1.21946853509682
37.6,0,1.22234742404352
37.8,0,1.22544884277477
38,0,1.2287631725438
38.2,0,1.23228078778298
38.4,0,1.23599203835174
38.6,0,1.23988723260215
38.8,0,1.24395662125304
39,0,1.24819038206831
39.2,0,1.25257860533825
39.4,0,1.25711128016677
39.6,0,1.26177828157053
39.8,0,1.26656935839949
40,0,1.27147412209104
0,1,0.974148100703533
0.2,1,0.972124572422452
0.4,1,0.970165328395465
0.6,1,0.968275390303888
0.8,1,0.966459751795029
1,1,0.964723382336845
1.2,1,0.96307123133369
1.4,1,0.961508232502724
1.6,1,0.960039308511147
1.8,1,0.958669375875128
2,1,0.957403350122005
2.2,1,0.956246151218099
2.4,1,0.955202709265303
2.6,1,0.954277970470409
2.8,1,0.953476903392082
3,1,0.952804505471298
3.2,1,0.952265809852036
3.4,1,0.951865892500084
3.6,1,0.951607990772386
3.8,1,0.951486753819467
4,1,0.951494420570342
4.2,1,0.951623284052337
4.4,1,0.951865681456807
4.6,1,0.952213984657888
4.8,1,0.952660591369831
5,1,0.953197916933293
5.2,1,0.953818386722845
5.4,1,0.954514429169804
5.6,1,0.955278469396097
5.8,1,0.956102923456389
6,1,0.956980193187085
6.2,1,0.957902661662005
6.4,1,0.958862689255669
6.6,1,0.95985261031605
6.8,1,0.960864730449486
7,1,0.961891324421105
7.2,1,0.9629246346747
7.4,1,0.96395687047634
7.6,1,0.96498020768631
7.8,1,0.965986789164088
8,1,0.966968725811023
8.2,1,0.967918098255241
8.4,1,0.96882695918299
8.6,1,0.969687336320158
8.8,1,0.970491236067116
9,1,0.971231724840425
9.2,1,0.971910025427695
9.4,1,0.972531118460182
9.6,1,0.973100027795512
9.8,1,0.973621798274122
10,1,0.974101493121845
10.2,1,0.974544191613239
10.4,1,0.974954986997816
10.6,1,0.975338984690994
10.8,1,0.975701300731337
11,1,0.976047060505354
11.2,1,0.976381397740978
11.4,1,0.976709453770634
11.6,1,0.977036377064693
11.8,1,0.977367323036023
12,1,0.977707454116295
12.2,1,0.978061940104689
12.4,1,0.978435958789687
12.6,1,0.978834696844702
12.8,1,0.979263350998407
13,1,0.979727129480787
13.2,1,0.980231253746119
13.4,1,0.980780960474335
13.6,1,0.981381503852483
13.8,1,0.982038158138329
14,1,0.982756220508517
14.2,1,0.983541014194072
14.4,1,0.984397268266466
14.6,1,0.985321414712418
14.8,1,0.986303950539317
15,1,0.987335218348584
15.2,1,0.9884055279576
15.4,1,0.989505152060141
15.6,1,0.99062432284233
15.8,1,0.991753229560248
16,1,0.992882017086113
16.2,1,0.994000785430509
16.4,1,0.995099590248378
16.6,1,0.996168444336527
16.8,1,0.997197320130079
17,1,0.998176153204767
17.2,1,0.999094846791132
17.4,1,0.999943277305516
17.6,1,1.00071130090141
17.8,1,1.00138876104294
18,1,1.00196549710033
18.2,1,1.00243135396491
18.4,1,1.00277619267869
18.6,1,1.00298990207062
18.8,1,1.00306241138867
19,1,1.0029837039133
19.2,1,1.00274383153446
19.4,1,1.00233293027013
19.6,1,1.00174123670053
19.8,1,1.00095984664434
20,1,1
20.2,1,0.998894789444466
20.4,1,0.997678337969667
20.6,1,0.996384650326736
20.8,1,0.995047581081018
21,1,0.993700814196524
21.2,1,0.992377854062855
21.4,1,0.991112027863732
21.6,1,0.989936499183119
21.8,1,0.988884292752438
22,1,0.987988330260426
22.2,1,0.987281477175624
22.4,1,0.986796600570298
22.6,1,0.986566637983704
22.8,1,0.986624677422215
23,1,0.987004048663937
23.2,1,0.987738426116568
23.4,1,0.988861943569589
23.6,1,0.990409321286275
23.8,1,0.992416005998068
24,1,0.994918324494669
24.2,1,0.997953651648998
24.4,1,1.00156059387845
24.6,1,1.00577918922452
24.8,1,1.01065112543384
25,1,1.0162199776481
25.2,1,1.02253104655353
25.4,1,1.02960032044623
25.6,1,1.03739194518301
25.8,1,1.04586496300352
26,1,1.05497799277748
26.2,1,1.06468891666203
26.4,1,1.07495458484709
26.6,1,1.08573053834852
26.8,1,1.09697075019689
27,1,1.10862738573521
27.2,1,1.12065058308131
27.4,1,1.13298825512945
27.6,1,1.14558591475946
27.8,1,1.15838652518741
28,1,1.17133037762664
28.2,1,1.18435499862745
28.4,1,1.19739508962411
28.6,1,1.21038250133247
28.8,1,1.22324624570656
29,1,1.23591254817108
29.2,1,1.24830494279276
29.4,1,1.26034441293262
29.6,1,1.27194957972562
29.8,1,1.28303694046084
30,1,1.2935211585789
30.2,1,1.3033154065608
30.4,1,1.31233176245157
30.6,1,1.32048171560657
30.8,1,1.32770572284285
31,1,1.3340222602112
31.2,1,1.33946495141876
31.4,1,1.34406996073752
31.6,1,1.34787572816585
31.8,1,1.35092270936862
32,1,1.35325312251348
32.2,1,1.35491070390981
32.4,1,1.35594047414349
32.6,1,1.35638851618943
32.8,1,1.3563017667763
33,1,1.35572782207828
33.2,1,1.35471475861778
33.4,1,1.3533109700845
33.6,1,1.35156502060994
33.8,1,1.34952551488518
34,1,1.34724098537369
34.2,1,1.34475979675098
34.4,1,1.34213006760003
34.6,1,1.33939960930493
34.8,1,1.33661588201641
35,1,1.33382596751067
35.2,1,1.331076558728
35.4,1,1.32841396575881
35.6,1,1.32588413804282
35.8,1,1.32353270256061
36,1,1.32140501782639
36.2,1,1.31953748863506
36.4,1,1.31792915915273
36.6,1,1.31656929838839
36.8,1,1.31544736002065
37,1,1.31455296371051
37.2,1,1.3138758772684
37.4,1,1.31340599972902
37.6,1,1.3131333453006
37.8,1,1.31304802815897
38,1,1.31314024805986
38.2,1,1.31340027674647
38.4,1,1.31381844513199
38.6,1,1.31438513123974
38.8,1,1.31509074888609
39,1,1.31592573709391
39.2,1,1.31688055022643
39.4,1,1.3179456488336
39.6,1,1.31911149120511
39.8,1,1.32036852562573
40,1,1.32170718333072
0,2,1.06151001726423
0.2,2,1.06014081705652
0.4,2,1.05880938687913
0.6,2,1.05751882332525
0.8,2,1.05627221168489
1,2,1.05507262721236
1.2,2,1.05392313648453
1.4,2,1.05282679884942
1.6,2,1.05178666796522
1.8,2,1.0508057934297
2,2,1.04988722250023
2.2,2,1.04903400190468
2.4,2,1.04824917974374
2.6,2,1.04753580748524
2.8,2,1.04689694205121
3,2,1.04633564799881
3.2,2,1.04585499979604
3.4,2,1.04545808419377
3.6,2,1.04514625831343
3.8,2,1.04491291318213
4,2,1.0447491808311
4.2,2,1.04464621379874
4.4,2,1.04459517980207
4.6,2,1.04458725697706
4.8,2,1.04461362986684
5,2,1.04466548615553
5.2,2,1.04473401414642
5.4,2,1.04481040098374
5.6,2,1.04488583161782
5.8,2,1.04495148851395
6,2,1.04499855210514
6.2,2,1.04501820198906
6.4,2,1.04500161886944
6.6,2,1.0449399872414
6.8,2,1.0448244988202
7,2,1.0446463567116
7.2,2,1.04439678032161
7.4,2,1.04406701100201
7.6,2,1.04364831842691
7.8,2,1.04313200769431
8,2,1.04250942714471
8.2,2,1.04177197688749
8.4,2,1.04091111802354
8.6,2,1.03991838255072
8.8,2,1.03878538393652
9,2,1.03750560413982
9.2,2,1.0360860549487
9.4,2,1.03453991462578
9.6,2,1.03288036759867
9.8,2,1.03112055745951
10,2,1.02927357364587
10.2,2,1.02735243977047
10.4,2,1.02537010359238
10.6,2,1.02333942861894
10.8,2,1.02127318732414
11,2,1.01918405596675
11.2,2,1.0170846109894
11.4,2,1.01498732697823
11.6,2,1.01290457616171
11.8,2,1.0108486294271
12,2,1.00883165883256
12.2,2,1.00686574159416
12.4,2,1.00496286552755
12.6,2,1.00313493592617
12.8,2,1.00139378385944
13,2,0.99975117587753
13.2,2,0.998218825111663
13.4,2,0.99680840376306
13.6,2,0.995531556977098
13.8,2,0.994399918103944
14,2,0.993425125351746
14.2,2,0.99261883984383
14.4,2,0.991991737830479
14.6,2,0.991540861903074
14.8,2,0.991253603446263
15,2,0.991117244377376
15.2,2,0.991119146444188
15.4,2,0.991246732832038
15.6,2,0.991487471415493
15.8,2,0.991828859631009
16,2,0.992258410952706
16.2,2,0.992763642958482
16.4,2,0.993332066978229
16.6,2,0.993951179319819
16.8,2,0.99460845407197
17,2,0.995291337485873
17.2,2,0.995987243939795
17.4,2,0.996683553492507
17.6,2,0.997367611032606
17.8,2,0.998026727031346
18,2,0.998648179906606
18.2,2,0.999219220005099
18.4,2,0.999727075208759
18.6,2,1.00015895816958
18.8,2,1.00050207517481
19,2,1.0007436366417
19.2,2,1.00087086923728
19.4,2,1.00087102961497
19.6,2,1.00073141975486
19.8,2,1.00043997067725
20,2,1
20.2,2,0.999431567219127
20.4,2,0.998755584391776
20.6,2,0.997992947166141
20.8,2,0.997164514567888
21,2,0.996291093139772
21.2,2,0.995393425424923
21.4,2,0.994492182776328
21.6,2,0.993607962469581
21.8,2,0.992761289093055
22,2,0.991972620189211
22.2,2,0.991262356122782
22.4,2,0.99065085415608
22.6,2,0.990158446718563
22.8,2,0.989805463867193
23,2,0.989612259945831
23.2,2,0.989599244466173
23.4,2,0.989786917249344
23.6,2,0.990195907886505
23.8,2,0.990847019598482
24,2,0.991761277598907
24.2,2,0.992959982092453
24.4,2,0.994464766069862
24.6,2,0.996297658094631
24.8,2,0.998481150312666
25,2,1.0010382719563
25.2,2,1.00399243892542
25.4,2,1.00735051316145
25.6,2,1.01109085792455
25.8,2,1.01518912935783
26,2,1.01962092354797
26.2,2,1.02436168610156
26.4,2,1.02938662800477
26.6,2,1.03467064772393
26.8,2,1.04018825956524
27,2,1.04591352836702
27.2,2,1.05182001064874
27.4,2,1.05788070238784
27.6,2,1.06406799363649
27.8,2,1.0703536302279
28,2,1.07670868285292
28.2,2,1.08310352381501
28.4,2,1.08950781179177
28.6,2,1.09589048494679
28.8,2,1.10221976274405
29,2,1.10846315681878
29.2,2,1.11458749125403
29.4,2,1.1205589325991
29.6,2,1.12634302994561
29.8,2,1.13190476534831
30,2,1.13720861484015
30.2,2,1.1422186202453
30.4,2,1.14689847193846
30.6,2,1.15121162664557
30.8,2,1.15513396371526
31,2,1.15867471446417
31.2,2,1.16184908484862
31.4,2,1.16467284560745
31.6,2,1.16716227900296
31.8,2,1.16933412722715
32,2,1.17120554268832
32.2,2,1.17279404037281
32.4,2,1.17411745245608
32.6,2,1.17519388531835
32.8,2,1.17604167910047
33,2,1.17667936991811
33.2,2,1.17712565483519
33.4,2,1.17739935968119
33.6,2,1.17751940978235
33.8,2,1.17750480366287
34,2,1.17737458975978
34.2,2,1.17714784618412
34.4,2,1.17684366355094
34.6,2,1.1764811308926
34.8,2,1.17607932466232
35,2,1.17565730082961
35.2,2,1.17523409006468
35.4,2,1.17482869600626
35.6,2,1.17446009660546
35.8,2,1.17414724853867
36,2,1.1739090946833
36.2,2,1.17376106795056
36.4,2,1.17370365907456
36.6,2,1.1737333944771
36.8,2,1.17384682012826
37,2,1.17404049906655
37.2,2,1.1743110089903
37.4,2,1.17465493995496
37.6,2,1.17506889217464
37.8,2,1.17554947392675
38,2,1.17609329955843
38.2,2,1.17669698759394
38.4,2,1.17735715894213
38.6,2,1.17807043520329
38.8,2,1.17883343707499
39,2,1.17964278285633
39.2,2,1.18049508705061
39.4,2,1.18138695906597
39.6,2,1.18231500201426
39.8,2,1.18327581160799
40,2,1.18426597515571
0,3,0.996267332284358
0.2,3,0.996629172372874
0.4,3,0.996982368346058
0.6,3,0.99732612132639
0.8,3,0.997659631601718
1,3,0.997982098703692
1.2,3,0.998292721492601
1.4,3,0.998590698248623
1.6,3,0.998875226769474
1.8,3,0.999145504474478
2,3,0.999400728515036
2.2,3,0.999640095891513
2.4,3,0.99986280357651
2.6,3,1.00006804864454
2.8,3,1.00025502840807
3,3,1.00042294055995
3.2,3,1.00057098332215
3.4,3,1.00069835560086
3.6,3,1.00080445541447
3.8,3,1.0008895897025
4,3,1.00095432652618
4.2,3,1.00099923538651
4.4,3,1.00102488708875
4.6,3,1.00103185363076
4.8,3,1.0010207080944
5,3,1.00099202454019
5.2,3,1.00094637790518
5.4,3,1.00088434390391
5.6,3,1.00080649893279
5.8,3,1.00071341997757
6,3,1.00060568452414
6.2,3,1.00048387047263
6.4,3,1.00034855605473
6.6,3,1.00020031975439
6.8,3,1.00003974023174
7,3,0.999867396250374
7.2,3,0.999683866607975
7.4,3,0.999489730070202
7.6,3,0.99928556530795
7.8,3,0.999071950837933
8,3,0.998849464966596
8.2,3,0.998618685737366
8.4,3,0.998380190881234
8.6,3,0.998134557770678
8.8,3,0.997882363376911
9,3,0.997624271411035
9.2,3,0.997361605328019
9.4,3,0.997095989589275
9.6,3,0.996829048536815
9.8,3,0.996562404787513
10,3,0.996297679224735
10.2,3,0.996036491016355
10.4,3,0.995780457659107
10.6,3,0.995531195049223
10.8,3,0.995290317579315
11,3,0.995059438261458
11.2,3,0.994840168876444
11.4,3,0.994634120149168
11.6,3,0.994442901950128
11.8,3,0.994268123523027
12,3,0.994111393738468
12.2,3,0.993974321373758
12.4,3,0.993858515418827
12.6,3,0.993765585408303
12.8,3,0.993697141779789
13,3,0.993654796258404
13.2,3,0.993640162267662
13.4,3,0.993654855366798
13.6,3,0.993700493714643
13.8,3,0.993778698560202
14,3,0.993891094760077
14.2,3,0.994039311322936
14.4,3,0.994224756399079
14.6,3,0.994445833059042
14.8,3,0.994698803046079
15,3,0.994979881619105
15.2,3,0.995285282345404
15.4,3,0.995611216099936
15.6,3,0.995953890209066
15.8,3,0.996309507738808
16,3,0.996674266927789
16.2,3,0.997044360765184
16.4,3,0.997415976713926
16.6,3,0.997785296579562
16.8,3,0.998148496525097
17,3,0.998501747232225
17.2,3,0.998841214209303
17.4,3,0.999163058246417
17.6,3,0.999463436017832
17.8,3,0.999738500832082
18,3,0.999984403529861
18.2,3,1.00019729352981
18.4,3,1.00037332002215
18.6,3,1.00050863331009
18.8,3,1.00059938629861
19,3,1.00064173613036
19.2,3,1.00063184596785
19.4,3,1.00056588692145
19.6,3,1.00044004012188
19.8,3,1.00025070946665
20,3,1
20.2,3,0.999696224936143
20.4,3,0.999348010110753
20.6,3,0.998963976168114
20.8,3,0.998552735108383
21,3,0.998122887576981
21.2,3,0.997683020895091
21.4,3,0.997241707829668
21.6,3,0.996807506100967
21.8,3,0.996388958625403
22,3,0.995994594491539
22.2,3,0.995632930667108
22.4,3,0.995312474435332
22.6,3,0.99504172655928
22.8,3,0.994829185173687
23,3,0.994683350404489
23.2,3,0.994612729717369
23.4,3,0.994625843997794
23.6,3,0.994731234366386
23.8,3,0.994937469735051
24,3,0.995253155110989
24.2,3,0.995686940657639
24.4,3,0.996247531523729
24.6,3,0.99694369845387
24.8,3,0.997784289196657
25,3,0.998778240728932
25.2,3,0.999934498926771
25.4,3,1.0012551259664
25.6,3,1.00273052199676
25.8,3,1.00434997820452
26,3,1.00610277779231
26.2,3,1.00797818070296
26.4,3,1.00996540952107
26.6,3,1.01205363654834
26.8,3,1.01423197205369
27,3,1.01648945370262
27.2,3,1.01881503717407
27.4,3,1.021197587976
27.6,3,1.02362587447354
27.8,3,1.02608856214612
28,3,1.02857420909182
28.2,3,1.0310712627989
28.4,3,1.03356805820559
28.6,3,1.03605281707011
28.8,3,1.03851364867321
29,3,1.04093855187568
29.2,3,1.04331541855255
29.4,3,1.04563203842517
29.6,3,1.04787610531065
29.8,3,1.05003522480681
30,3,1.05209692342798
30.2,3,1.05404865920482
30.4,3,1.05587783375771
30.6,3,1.05757181447288
30.8,3,1.05912244832971
31,3,1.06053348747172
31.2,3,1.06181070192924
31.4,3,1.06295994448812
31.6,3,1.0639871431795
31.8,3,1.06489829406639
32,3,1.06569945433927
32.2,3,1.06639673573118
32.4,3,1.06699629826222
32.6,3,1.0675043443219
32.8,3,1.06792711309717
33,3,1.06827087535273
33.2,3,1.06854192856958
33.4,3,1.06874659244664
33.6,3,1.06889120476987
33.8,3,1.06898211765226
34,3,1.06902569414767
34.2,3,1.06902830524065
34.4,3,1.06899632721414
34.6,3,1.0689361393962
34.8,3,1.06885412228673
35,3,1.06875665606449
35.2,3,1.06865011947503
35.4,3,1.06854088909907
35.6,3,1.06843533900165
35.8,3,1.0683398407615
36,3,1.0682607638805
36.2,3,1.06820334925816
36.4,3,1.06816803074546
36.6,3,1.06815396240512
36.8,3,1.06816029963518
37,3,1.06818619901602
37.2,3,1.06823081815254
37.4,3,1.06829331552308
37.6,3,1.06837285033506
37.8,3,1.06846858238734
38,3,1.06857967193923
38.2,3,1.06870527958618
38.4,3,1.0688445661421
38.6,3,1.0689966925283
38.8,3,1.06916081966912
39,3,1.06933610839408
39.2,3,1.06952171934671
39.4,3,1.06971681289995
39.6,3,1.06992054907815
39.8,3,1.07013208748575
40,3,1.07035058724244
0,4,0.955383973158119
0.2,4,0.956364351427667
0.4,4,0.957324186259906
0.6,4,0.95826147363295
0.8,4,0.959174203438291
1,4,0.960060359966623
1.2,4,0.960917922435632
1.4,4,0.961744865559901
1.6,4,0.962539160162988
1.8,4,0.963298773831735
2,4,0.964021671612822
2.2,4,0.964705816751534
2.4,4,0.965349171472675
2.6,4,0.965949697803522
2.8,4,0.96650535843865
3,4,0.96701411764643
3.2,4,0.967473942216943
3.4,4,0.967882802450988
3.6,4,0.968239580169796
3.8,4,0.968547317862968
4,4,0.968810258194548
4.2,4,0.969032655211288
4.4,4,0.969218772366484
4.6,4,0.969372880824602
4.8,4,0.969499257953041
5,4,0.969602186001863
5.2,4,0.969685950972111
5.4,4,0.969754841673231
5.6,4,0.969813148969953
5.8,4,0.969865165218895
6,4,0.969915183895063
6.2,4,0.969967499408381
6.4,4,0.970026407110317
6.6,4,0.9700962034907
6.8,4,0.970181186564805
7,4,0.970285656450832
7.2,4,0.970413916137964
7.4,4,0.970570272445274
7.6,4,0.970759037171845
7.8,4,0.970984528438624
8,4,0.971251072222656
8.2,4,0.971563004084549
8.4,4,0.971924671090199
8.6,4,0.972340433928059
8.8,4,0.972814669223459
9,4,0.973351056647517
9.2,4,0.973947871966685
9.4,4,0.974600912618181
9.6,4,0.975305961818046
9.8,4,0.976058799069339
10,4,0.976855197974408
10.2,4,0.977690924231674
10.4,4,0.97856173381698
10.6,4,0.979463371349764
10.8,4,0.980391568644577
11,4,0.981342043448591
11.2,4,0.982310498365978
11.4,4,0.983292619970128
11.6,4,0.984284078104829
11.8,4,0.985280525375622
12,4,0.986277596832612
12.2,4,0.987270909846069
12.4,4,0.988256064176194
12.6,4,0.989228642238408
12.8,4,0.990184209565513
13,4,0.991118315468029
13.2,4,0.992026493893936
13.4,4,0.992904264488958
13.6,4,0.993747133858403
13.8,4,0.994550597031432
14,4,0.995310139128461
14.2,4,0.996021237232182
14.4,4,0.996679623602249
14.6,4,0.997284513458156
14.8,4,0.997837612368983
15,4,0.998340691438435
15.2,4,0.998795533225881
15.4,4,0.999203930850685
15.6,4,0.999567687126805
15.8,4,0.99988861372822
16,4,1.00016853038567
16.2,4,1.00040926411519
16.4,4,1.0006126484788
16.6,4,1.00078052287788
16.8,4,1.00091473187931
17,4,1.00101712457499
17.2,4,1.00108955397476
17.4,4,1.00113387643317
17.6,4,1.00115195111006
17.8,4,1.00114563946546
18,4,1.00111680478863
18.2,4,1.00106731176161
18.4,4,1.0009990260573
18.6,4,1.0009138139721
18.8,4,1.00081354209331
19,4,1.00070007700118
19.2,4,1.0005752850058
19.4,4,1.00044103191868
19.6,4,1.00029918285913
19.8,4,1.00015159716473
20,4,1
20.2,4,0.999845970336572
20.4,4,0.999691078861813
20.6,4,0.99953689529774
20.8,4,0.999384988399817
21,4,0.999236925980372
21.2,4,0.999094274956629
21.4,4,0.998958601423319
21.6,4,0.998831470749854
21.8,4,0.998714447702037
22,4,0.998609096588312
22.2,4,0.998516981430525
22.4,4,0.998439666159221
22.6,4,0.998378714833454
22.8,4,0.998335691885157
23,4,0.998312162388081
23.2,4,0.998309692351338
23.4,4,0.998329849037626
23.6,4,0.998374201306156
23.8,4,0.998444319980404
24,4,0.998541778240754
24.2,4,0.998668152042151
24.4,4,0.998825020556895
24.6,4,0.999013966642726
24.8,4,0.99923657733636
25,4,0.999494444372671
25.2,4,0.999789144668486
25.4,4,1.00012075887782
25.6,4,1.00048685297844
25.8,4,1.00088475249688
26,4,1.00131178185952
26.2,4,1.00176526357234
26.4,4,1.00224251747278
26.6,4,1.00274086005343
26.8,4,1.00325760385771
27,4,1.00379005694774
27.2,4,1.00433552244429
27.4,4,1.00489129813932
27.6,4,1.00545467618098
27.8,4,1.00602294283162
28,4,1.00659337829885
28.2,4,1.00716325664004
28.4,4,1.00772984574053
28.6,4,1.00829040736577
28.8,4,1.00884219728781
29,4,1.00938246548631
29.2,4,1.00990845642441
29.4,4,1.01041740939962
29.6,4,1.01090655897015
29.8,4,1.0113731354566
30,4,1.01181436551945
30.2,4,1.01222747281233
30.4,4,1.01260967871109
30.6,4,1.01295820488758
30.8,4,1.01327119589268
31,4,1.01354923165805
31.2,4,1.01379329273783
31.4,4,1.01400436414327
31.6,4,1.01418343501338
31.8,4,1.01433149829466
32,4,1.01444955043005
32.2,4,1.01453859105717
32.4,4,1.01459962271606
32.6,4,1.01463365056631
32.8,4,1.01464168211395
33,4,1.01462472694792
33.2,4,1.01458379648635
33.4,4,1.01451990373269
33.6,4,1.01443406304175
33.8,4,1.0143272898956
34,4,1.01420060068957
34.2,4,1.01405501252828
34.4,4,1.01389154303166
34.6,4,1.01371121015117
34.8,4,1.0135150319961
35,4,1.01330402667006
35.2,4,1.01307921211759
35.4,4,1.01284160598097
35.6,4,1.01259222546721
35.8,4,1.01233208722525
36,4,1.01206220723329
36.2,4,1.01178349379465
36.4,4,1.01149639873713
36.6,4,1.01120125218062
36.8,4,1.01089838406438
37,4,1.01058812412271
37.2,4,1.0102708018605
37.4,4,1.00994674652993
37.6,4,1.00961628710826
37.8,4,1.00927975227656
38,4,1.00893747039968
38.2,4,1.0085897695071
38.4,4,1.00823697727503
38.6,4,1.0078794210094
38.8,4,1.00751742763007
39,4,1.00715132365594
39.2,4,1.00678143519126
39.4,4,1.00640808791291
39.6,4,1.00603160705878
39.8,4,1.00565231741714
40,4,1.00527054331713
0,5,0.981729526420084
0.2,5,0.982238767936554
0.4,5,0.982743521118799
0.6,5,0.983243351092341
0.8,5,0.983737822182815
1,5,0.984226497938554
1.2,5,0.9847089411551
1.4,5,0.98518471390165
1.6,5,0.985653377549449
1.8,5,0.98611449280212
2,5,0.986567619727948
2.2,5,0.987012317794117
2.4,5,0.987448145902903
2.6,5,0.987874662429821
2.8,5,0.988291425263741
3,5,0.988697991848963
3.2,5,0.989093919229257
3.4,5,0.98947876409387
3.6,5,0.989852206947134
3.8,5,0.990214496717555
4,5,0.990566045763917
4.2,5,0.990907267419745
4.4,5,0.991238575935788
4.6,5,0.991560386437173
4.8,5,0.991873114882273
5,5,0.99217717802331
5.2,5,0.992472993368683
5.4,5,0.992760979147055
5.6,5,0.993041554273173
5.8,5,0.993315138315464
6,5,0.993582151465379
6.2,5,0.993843014508514
6.4,5,0.994098148797509
6.6,5,0.994347976226721
6.8,5,0.994592919208687
7,5,0.994833400652377
7.2,5,0.995069843943239
7.4,5,0.995302672925047
7.6,5,0.995532311883548
7.8,5,0.995759185531916
8,5,0.995983718998016
8.2,5,0.996206337813488
8.4,5,0.996427467904632
8.6,5,0.99664753558513
8.8,5,0.996866967550579
9,5,0.997086116461961
9.2,5,0.997304771409565
9.4,5,0.997522463005591
9.6,5,0.997738720113502
9.8,5,0.997953071193906
10,5,0.998165044312451
10.2,5,0.998374167149933
10.4,5,0.998579967014647
10.6,5,0.998781970856978
10.8,5,0.998979705286219
11,5,0.999172696589641
11.2,5,0.999360470753805
11.4,5,0.999542553488114
11.6,5,0.999718470250624
11.8,5,0.999887746276089
12,5,1.00004990660627
12.2,5,1.00020447612251
12.4,5,1.00035097958047
12.6,5,1.0004889416473
12.8,5,1.00061788694084
13,5,1.00073734007123
13.2,5,1.00084682568472
13.4,5,1.0009458685097
13.6,5,1.00103399340498
13.8,5,1.00111072541036
14,5,1.00117558979939
14.2,5,1.00122811213433
14.4,5,1.00126786874786
14.6,5,1.00129510912179
14.8,5,1.00131056224531
15,5,1.00131496785757
15.2,5,1.00130906609328
15.4,5,1.0012935974038
15.6,5,1.00126930248367
15.8,5,1.00123692220257
16,5,1.0011971975428
16.2,5,1.00115086954221
16.4,5,1.00109867924263
16.6,5,1.00104136764372
16.8,5,1.0009796756624
17,5,1.00091434409767
17.2,5,1.00084611360094
17.4,5,1.0007757246519
17.6,5,1.00070391753976
17.8,5,1.00063143235008
18,5,1.00055900895695
18.2,5,1.00048738702079
18.4,5,1.00041730599149
18.6,5,1.00034950511707
18.8,5,1.00028472345783
19,5,1.00022369990591
19.2,5,1.00016717321031
19.4,5,1.00011588200745
19.6,5,1.00007056485706
19.8,5,1.00003193427178
20,5,1
20.2,5,0.999974005667285
20.4,5,0.999953156354833
20.6,5,0.99993665729832
20.8,5,0.999923713850179
21,5,0.999913531448184
21.2,5,0.999905315590363
21.4,5,0.999898271816209
21.6,5,0.999891605694219
21.8,5,0.999884522815729
22,5,0.999876228795078
22.2,5,0.999865929276071
22.4,5,0.999852829944754
22.6,5,0.999836136548506
22.8,5,0.999815054921435
23,5,0.999788791016081
23.2,5,0.99975655094143
23.4,5,0.999717541007227
23.6,5,0.999670967774586
23.8,5,0.999616038112902
24,5,0.999551959263041
24.2,5,0.999477938906822
24.4,5,0.999393185242758
24.6,5,0.999296907068072
24.8,5,0.999188313866952
25,5,0.999066615905045
25.2,5,0.998931033022206
25.4,5,0.998781436528721
25.6,5,0.998618788640848
25.8,5,0.998444155560834
26,5,0.998258603207563
26.2,5,0.99806319709465
26.4,5,0.997859002219888
26.6,5,0.99764708296605
26.8,5,0.997428503013036
27,5,0.997204325261356
27.2,5,0.99697561176695
27.4,5,0.996743423687312
27.6,5,0.996508821238918
27.8,5,0.996272863665945
28,5,0.996036609220241
28.2,5,0.99580111515256
28.4,5,0.995567437715019
28.6,5,0.995336632174764
28.8,5,0.995109752838839
29,5,0.994887853090221
29.2,5,0.994671985435019
29.4,5,0.994463201560814
29.6,5,0.994262552406132
29.8,5,0.99407108824103
30,5,0.993889858758788
30.2,5,0.993719913178709
30.4,5,0.993562300360006
30.6,5,0.993418067693802
30.8,5,0.99328761900571
31,5,0.993169663126979
31.2,5,0.993062634077702
31.4,5,0.99296496694864
31.6,5,0.99287509774154
31.8,5,0.992791463234105
32,5,0.992712500869596
32.2,5,0.992636648671047
32.4,5,0.99256234518005
32.6,5,0.992488029420125
32.8,5,0.992412140884637
33,5,0.992333119549255
33.2,5,0.992249405908941
33.4,5,0.992159441039451
33.6,5,0.992061666683338
33.8,5,0.991954525360428
34,5,0.991836460502751
34.2,5,0.991705916613897
34.4,5,0.99156133945276
34.6,5,0.991401176241628
34.8,5,0.991223875898559
35,5,0.991027889294
35.2,5,0.990811669531549
35.4,5,0.990573672252806
35.6,5,0.99031235596619
35.8,5,0.990026182399628
36,5,0.989713616876977
36.2,5,0.98937353313046
36.4,5,0.989006532600533
36.6,5,0.988613677349097
36.8,5,0.988196029884562
37,5,0.98775465288943
37.2,5,0.987290608963219
37.4,5,0.986804960376615
37.6,5,0.986298768836852
37.8,5,0.985773095264357
38,5,0.985228999580659
38.2,5,0.98466754050758
38.4,5,0.984089775377698
38.6,5,0.983496759956094
38.8,5,0.98288954827334
39,5,0.982269192469753
39.2,5,0.98163674265086
39.4,5,0.980993246754066
39.6,5,0.980339750426493
39.8,5,0.97967729691395
40,5,0.979006926961014
0,6,1.04351575594248
0.2,6,1.04294484919095
0.4,6,1.04240260242985
0.6,6,1.04189151981877
0.8,6,1.04141410316529
1,6,1.04097285271047
1.2,6,1.04057026797503
1.4,6,1.04020884866606
1.6,6,1.03989109564464
1.8,6,1.03961951195443
2,6,1.03939660391157
2.2,6,1.03922488225629
2.4,6,1.03910686336664
2.6,6,1.03904507053487
2.8,6,1.03904203530705
3,6,1.03910029888664
3.2,6,1.03922241360279
3.4,6,1.0394109444443
3.6,6,1.03966700873239
3.8,6,1.03998504236932
4,6,1.04035757039197
4.2,6,1.04077711630584
4.4,6,1.0412361985762
4.6,6,1.04172732750572
4.8,6,1.04224300265134
5,6,1.04277571078115
5.2,6,1.04331792437242
5.4,6,1.04386210065237
5.6,6,1.04440068118341
5.8,6,1.04492609199492
6,6,1.0454307442633
6.2,6,1.04590703554245
6.4,6,1.04634735154615
6.6,6,1.04674406848381
6.8,6,1.04708955595055
7,6,1.04737618037204
7.2,6,1.04759630900385
7.4,6,1.0477423144844
7.6,6,1.04780657993961
7.8,6,1.0477815046365
8,6,1.04765951018177
8.2,6,1.04743304726029
8.4,6,1.04709460290706
8.6,6,1.04663670830484
8.8,6,1.04605194709814
9,6,1.04533431544806
9.2,6,1.0444881044059
9.4,6,1.04352232053027
9.6,6,1.04244600560448
9.8,6,1.04126820248948
10,6,1.0399979460995
10.2,6,1.03864425514564
10.4,6,1.03721612465004
10.6,6,1.03572251923085
10.8,6,1.03417236715687
11,6,1.03257455516914
11.2,6,1.0309379240653
11.4,6,1.02927126504164
11.6,6,1.02758331678659
11.8,6,1.02588276331876
12,6,1.02417823256205
12.2,6,1.0224782956497
12.4,6,1.02079146694931
12.6,6,1.01912620480032
12.8,6,1.01749091295591
13,6,1.01589394272132
13.2,6,1.01434359578109
13.4,6,1.01284812770817
13.6,6,1.01141575214887
13.8,6,1.01005464567813
14,6,1.00877295332098
14.2,6,1.007578794737
14.4,6,1.00647975898383
14.6,6,1.0054766011526
14.8,6,1.00456524423776
15,6,1.00374154683288
15.2,6,1.00300140395627
15.4,6,1.00234074364095
15.6,6,1.00175552369941
15.8,6,1.00124172865986
16,6,1.00079536687051
16.2,6,1.00041246776927
16.4,6,1.00008907931623
16.6,6,0.99982126558675
16.8,6,0.999605104523113
17,6,0.999436685843165
17.2,6,0.999312109104376
17.4,6,0.999227481922136
17.6,6,0.99917891834123
17.8,6,0.999162537359636
18,6,0.999174461603978
18.2,6,0.999210816156084
18.4,6,0.999267727530271
18.6,6,0.999341322801075
18.8,6,0.999427728881251
19,6,0.999523071949954
19.2,6,0.999623477031104
19.4,6,0.99972506772195
19.6,6,0.999823966071917
19.8,6,0.999916351715792
20,6,1
20.2,6,1.00007442717604
20.4,6,1.00013923764599
20.6,6,1.00019403597993
20.8,6,1.00023842695465
21,6,1.00027201559391
21.2,6,1.00029440721027
21.4,6,1.00030520744837
21.6,6,1.00030402232986
21.8,6,1.00029045829981
22,6,1.0002641222746
22.2,6,1.00022462169139
22.4,6,1.0001715645591
22.6,6,1.00010455951084
22.8,6,1.0000232158579
23,6,0.99992714364518
23.2,6,0.999815953708129
23.4,6,0.999689257731134
23.6,6,0.999546668307386
23.8,6,0.999387799000177
24,6,0.999212264405646
24.2,6,0.999019680216943
24.4,6,0.998809663289812
24.6,6,0.99858183170956
24.8,6,0.998335804859424
25,6,0.998071203490296
25.2,6,0.997787659971605
25.4,6,0.997485569881447
25.6,6,0.997166605840163
25.8,6,0.996832561091951
26,6,0.996485227240255
26.2,6,0.996126393993884
26.4,6,0.995757848945237
26.6,6,0.995381377380625
26.8,6,0.99499876212261
27,6,0.994611783404293
27.2,6,0.994222218775493
27.4,6,0.993831843040722
27.6,6,0.99344242822888
27.8,6,0.993055743594582
28,6,0.992673555651033
28.2,6,0.992297628234363
28.4,6,0.991929722599338
28.6,6,0.991571597546373
28.8,6,0.991225009579765
29,6,0.990891713097091
29.2,6,0.990573460609702
29.4,6,0.990272002994272
29.6,6,0.989989089775361
29.8,6,0.989726469438977
30,6,0.989485889777122
30.2,6,0.989269098263335
30.4,6,0.989077842459254
30.6,6,0.988913868447954
30.8,6,0.988777877316097
31,6,0.988667816197975
31.2,6,0.988581186740421
31.4,6,0.988515493253308
31.6,6,0.988468242150182
31.8,6,0.988436941451991
32,6,0.988419100353776
32.2,6,0.988412228854217
32.4,6,0.988413837447969
32.6,6,0.988421436880728
32.8,6,0.988432537967016
33,6,0.988444651470643
33.2,6,0.988455288047872
33.4,6,0.988461958253262
33.6,6,0.988462172608222
33.8,6,0.988453441732243
34,6,0.988433276536837
34.2,6,0.988399188482138
34.4,6,0.988348689896155
34.6,6,0.988279294356602
34.8,6,0.988188517135249
35,6,0.988073875704666
35.2,6,0.987932890307236
35.4,6,0.987763084586248
35.6,6,0.987561986278861
35.8,6,0.987327127970652
36,6,0.987056047911457
36.2,6,0.986746902325161
36.4,6,0.986400460458905
36.6,6,0.986018189167585
36.8,6,0.985601557108876
37,6,0.985152034221534
37.2,6,0.984671091231278
37.4,6,0.984160199178035
37.6,6,0.983620828964645
37.8,6,0.983054450927103
38,6,0.982462534426395
38.2,6,0.981846547461975
38.4,6,0.981207956306894
38.6,6,0.980548225164612
38.8,6,0.979868815847464
39,6,0.979171187476785
39.2,6,0.97845679620464
39.4,6,0.977727094957136
39.6,6,0.976983533199249
39.8,6,0.976227556721105
40,6,0.975460607445638
0,7,1.10681506586325
0.2,7,1.10509521386578
0.4,7,1.10344028474927
0.6,7,1.10185558598915
0.8,7,1.10034640560736
1,7,1.09891801577092
1.2,7,1.0975756766479
1.4,7,1.09632464052112
1.6,7,1.09517015616029
1.8,7,1.0941174734539
2,7,1.09317184830278
2.2,7,1.09233854777805
2.4,7,1.09162285554678
2.6,7,1.0910300775693
2.8,7,1.09056554807315
3,7,1.09023463580931
3.2,7,1.09004275059725
3.4,7,1.08999535016628
3.6,7,1.09009487510576
3.8,7,1.09032975649635
4,7,1.09068444339043
4.2,7,1.09114340732823
4.4,7,1.09169112664779
4.6,7,1.09231207269862
4.8,7,1.09299069827327
5,7,1.09371142825566
5.2,7,1.09445865248869
5.4,7,1.09521672086741
5.6,7,1.0959699406662
5.8,7,1.09670257610997
6,7,1.0973988502
6.2,7,1.09804294880485
6.4,7,1.09861902702547
6.6,7,1.09911121784154
6.8,7,1.09950364304319
7,7,1.09978042644812
7.2,7,1.09992570939937
7.4,7,1.09992366853324
7.6,7,1.09975853580014
7.8,7,1.09941462071352
8,7,1.09887633479372
8.2,7,1.09812821816416
8.4,7,1.0971549682471
8.6,7,1.09594147049565
8.8,7,1.09447283108658
9,7,1.09273722964793
9.2,7,1.09074442810932
9.4,7,1.08851405205139
9.6,7,1.08606579177617
9.8,7,1.08341931176731
10,7,1.08059421440565
10.2,7,1.07761000711548
10.4,7,1.07448607294888
10.6,7,1.07124164460062
10.8,7,1.0678957818326
11,7,1.06446735227495
11.2,7,1.06097501556099
11.4,7,1.05743721074464
11.6,7,1.05387214694209
11.8,7,1.05029779713426
12,7,1.04673189506287
12.2,7,1.04319193515064
12.4,7,1.03969517537565
12.6,7,1.03625864303004
12.8,7,1.03289914329587
13,7,1.02963327057376
13.2,7,1.02647742250487
13.4,7,1.02344781663242
13.6,7,1.02056050965619
13.8,7,1.01783141924152
14,7,1.01527634835363
14.2,7,1.0129110120989
14.4,7,1.0107499994748
14.6,7,1.0087936655841
14.8,7,1.00703237261394
15,7,1.00545644215468
15.2,7,1.00405635578506
15.4,7,1.00282273874763
15.6,7,1.00174634458659
15.8,7,1.0008180407137
16,7,1.00002879487159
16.2,7,0.999369662467339
16.4,7,0.998831774752506
16.6,7,0.998406327828892
16.8,7,0.998084572462066
17,7,0.997857804687348
17.2,7,0.997717357195356
17.4,7,0.99765459148637
17.6,7,0.997660890784841
17.8,7,0.997727653707133
18,7,0.997846288677241
18.2,7,0.998008209086649
18.4,7,0.998204829195781
18.6,7,0.998427560775547
18.8,7,0.998667810488396
19,7,0.998916978009023
19.2,7,0.999166454885396
19.4,7,0.999407624141153
19.6,7,0.999631860620585
19.8,7,0.999830693212274
20,7,1
20.2,7,1.00014040710682
20.4,7,1.00025278365009
20.6,7,1.00033800155015
20.8,7,1.0003969352885
21,7,1.00043046167326
21.2,7,1.00043945961207
21.4,7,1.00042480989244
21.6,7,1.00038739496955
21.8,7,1.00032809876173
22,7,1.00024780645347
22.2,7,1.00014740430613
22.4,7,1.00002777947636
22.6,7,0.999889819842243
22.8,7,0.999734413837192
23,7,0.999562450291695
23.2,7,0.999374818282816
23.4,7,0.99917240699157
23.6,7,0.998956105568132
23.8,7,0.998726803004914
24,7,0.998485388017509
24.2,7,0.998232748933509
24.4,7,0.997969773589205
24.6,7,0.99769734923416
24.8,7,0.997416362443653
25,7,0.997127699038999
25.2,7,0.996832245704748
25.4,7,0.996531014616139
25.6,7,0.996225228636305
25.8,7,0.995916129422797
26,7,0.995604957139782
26.2,7,0.995292950424541
26.4,7,0.994981346369396
26.6,7,0.994671380519021
26.8,7,0.994364286883116
27,7,0.994061297964401
27.2,7,0.993763644801902
27.4,7,0.993472557029497
27.6,7,0.993189262949691
27.8,7,0.992914989622597
28,7,0.992650962970091
28.2,7,0.992398407895122
28.4,7,0.99215854841617
28.6,7,0.991932607816824
28.8,7,0.991721808810475
29,7,0.991527373720138
29.2,7,0.991350524673376
29.4,7,0.991192483812373
29.6,7,0.991054473519134
29.8,7,0.990937716655869
30,7,0.990843436820577
30.2,7,0.990772858617872
30.4,7,0.990727207945105
30.6,7,0.990707710499906
30.8,7,0.990714657543589
31,7,0.990745875083616
31.2,7,0.990798789105032
31.4,7,0.990870826587455
31.6,7,0.990959414974695
31.8,7,0.991061981711285
32,7,0.991175953845874
32.2,7,0.991298757701461
32.4,7,0.991427818612468
32.6,7,0.991560560728676
32.8,7,0.99169440688607
33,7,0.991826778544641
33.2,7,0.99195509579321
33.4,7,0.992076777421328
33.6,7,0.992189241058323
33.8,7,0.992289903379531
34,7,0.992376180379763
34.2,7,0.992445487714025
34.4,7,0.992495241105478
34.6,7,0.992522856820639
34.8,7,0.992525752211727
35,7,0.992501346326085
35.2,7,0.992447060582524
35.4,7,0.992360319514406
35.6,7,0.99223855157923
35.8,7,0.992079190034426
36,7,0.991879673879001
36.2,7,0.991638097891187
36.4,7,0.991355330785037
36.6,7,0.991032982665928
36.8,7,0.990672666466279
37,7,0.990275997315276
37.2,7,0.989844591940753
37.4,7,0.989380068096673
37.6,7,0.988884044016354
37.8,7,0.988358137891572
38,7,0.987803967377622
38.2,7,0.987223149124427
38.4,7,0.986617298333725
38.6,7,0.985988028342383
38.8,7,0.985336950231848
39,7,0.984665672463712
39.2,7,0.983975800541389
39.4,7,0.98326893669785
39.6,7,0.982546679609371
39.8,7,0.981810624135214
40,7,0.981062361083179
0,8,1.14409326903535
0.2,8,1.14169221210959
0.4,8,1.13937780944892
0.6,8,1.13715688105195
0.8,8,1.13503621148418
1,8,1.13302255589235
1.2,8,1.13112264643092
1.4,8,1.12934319910062
1.6,8,1.12769092100038
1.8,8,1.12617251799507
2,8,1.12479470280297
2.2,8,1.12356420350794
2.4,8,1.12248777250311
2.6,8,1.12157219587416
2.8,8,1.12082430323208
3,8,1.12025097800679
3.2,8,1.11985916821518
3.4,8,1.11965589771859
3.6,8,1.11964428904768
3.8,8,1.11980929574681
4,8,1.12013072493078
4.2,8,1.12058843160818
4.4,8,1.12116229269052
4.6,8,1.12183218423469
4.8,8,1.12257796231849
5,8,1.1233794475428
5.2,8,1.12421641316278
5.4,8,1.12506857685725
5.6,8,1.12591559615072
5.8,8,1.12673706750564
6,8,1.12751252910372
6.2,8,1.12822146733499
6.4,8,1.12884332701057
6.6,8,1.12935752531116
6.8,8,1.12974346947702
7,8,1.12998057823702
7.2,8,1.13004830696472
7.4,8,1.12992617653729
7.6,8,1.12959380585964
7.8,8,1.12903094800046
8,8,1.12821752986968
8.2,8,1.12713369534783
8.4,8,1.12575985175718
8.6,8,1.12407671954232
8.8,8,1.12206538500457
9,8,1.11971101583549
9.2,8,1.11702688505908
9.4,8,1.11403909100521
9.6,8,1.11077380420371
9.8,8,1.10725713618324
10,8,1.10351508016401
10.2,8,1.09957345761582
10.4,8,1.09545787068892
10.6,8,1.09119366049402
10.8,8,1.08680587117974
11,8,1.08231921973177
11.2,8,1.07775807139761
11.4,8,1.07314642062361
11.6,8,1.0685078773778
11.8,8,1.06386565872175
12,8,1.05924258548804
12.2,8,1.05466108391645
12.4,8,1.05014319210122
12.6,8,1.04571057110424
12.8,8,1.04138452059442
13,8,1.03718599888098
13.2,8,1.03313564721922
13.4,8,1.02925381828013
13.6,8,1.0255606086904
13.8,8,1.02207589556724
14,8,1.01881937699202
14.2,8,1.01581061638914
14.4,8,1.01306771734177
14.6,8,1.01059048369218
14.8,8,1.00836592239293
15,8,1.00638105545081
15.2,8,1.00462317075833
15.4,8,1.00307979424108
15.6,8,1.00173866373901
15.8,8,1.0005877045467
16,8,0.999615006546097
16.2,8,0.998808802873286
16.4,8,0.998157450068056
16.6,8,0.997649409661867
16.8,8,0.997273231165993
17,8,0.997017536427412
17.2,8,0.996871005325202
17.4,8,0.996822362785059
17.6,8,0.996860367093844
17.8,8,0.996973799500028
18,8,0.99715145508938
18.2,8,0.997382134928328
18.4,8,0.997654639470117
18.6,8,0.997957763221156
18.8,8,0.998280290666811
19,8,0.99861099345742
19.2,8,0.998938628856361
19.4,8,0.999251939452684
19.6,8,0.999539654141151
19.8,8,0.99979071091559
20,8,1
20.2,8,1.00016891175718
20.4,8,1.00029917115247
20.6,8,1.00039250867945
20.8,8,1.00045065970341
21,8,1.0004753638341
21.2,8,1.00046836432801
21.4,8,1.00043140752032
21.6,8,1.00036624228692
21.8,8,1.00027461953646
22,8,1.00015829173271
22.2,8,1.00001901244728
22.4,8,0.999858535942903
22.6,8,0.999678616787207
22.8,8,0.999481009497178
23,8,0.999267468214279
23.2,8,0.999039746410274
23.4,8,0.998799596623761
23.6,8,0.998548770227416
23.8,8,0.998289017225931
24,8,0.998022086084613
24.2,8,0.997749723588618
24.4,8,0.997473674732775
24.6,8,0.997195682641941
24.8,8,0.99691748852185
25,8,0.996640831640384
25.2,8,0.996367444335555
25.4,8,0.996098682651703
25.6,8,0.995835273750967
25.8,8,0.99557788420973
26,8,0.995327180012176
26.2,8,0.99508382659293
26.4,8,0.994848488884159
26.6,8,0.994621831367126
26.8,8,0.99440451812819
27,8,0.994197212919245
27.2,8,0.994000579222613
27.4,8,0.993815280320375
27.6,8,0.993641979368148
27.8,8,0.993481339473304
28,8,0.99333402377765
28.2,8,0.993200695544554
28.4,8,0.993082018250541
28.6,8,0.992978655681353
28.8,8,0.992891272032499
29,8,0.992820532014296
29.2,8,0.992767100961414
29.4,8,0.99273164494695
29.6,8,0.992714830901049
29.8,8,0.992717326734071
30,8,0.99273980146437
30.2,8,0.992782925350656
30.4,8,0.99284737002902
30.6,8,0.992933807237896
30.8,8,0.993042170851543
31,8,0.993170447249545
31.2,8,0.993316305771096
31.4,8,0.993477415403949
31.6,8,0.993651444398546
31.8,8,0.993836059936918
32,8,0.994028927856372
32.2,8,0.994227712428001
32.4,8,0.994430076190057
32.6,8,0.994633679836249
32.8,8,0.99483618215905
33,8,0.995035240048072
33.2,8,0.995228508543589
33.4,8,0.995413640945304
33.6,8,0.995588288976401
33.8,8,0.995750103002967
34,8,0.995896732308824
34.2,8,0.996025825425802
34.4,8,0.996135030519477
34.6,8,0.996221995830342
34.8,8,0.996284370170404
35,8,0.996319803475103
35.2,8,0.996325947410479
35.4,8,0.996300456035431
35.6,8,0.996240986518885
35.8,8,0.996145199911643
36,8,0.996010761972645
36.2,8,0.995835946394091
36.4,8,0.99562160088379
36.6,8,0.995369261428622
36.8,8,0.995080466957301
37,8,0.994756758763996
37.2,8,0.994399679961264
37.4,8,0.994010774956231
37.6,8,0.993591588950151
37.8,8,0.993143667461462
38,8,0.992668555872431
38.2,8,0.992167798999461
38.4,8,0.991642940687109
38.6,8,0.991095523425868
38.8,8,0.990527087993713
39,8,0.989939173121429
39.2,8,0.989333315181697
39.4,8,0.988711047901936
39.6,8,0.988073902100828
39.8,8,0.987423405448517
40,8,0.986761082250385
0,9,1.15386787122251
0.2,9,1.15132414262265
0.4,9,1.14887060228623
0.6,9,1.14651428946728
0.8,9,1.14426220440066
1,9,1.14212131471749
1.2,9,1.14009856229574
1.4,9,1.13820087054586
1.6,9,1.13643515213284
1.8,9,1.13480831713708
2,9,1.13332728165828
2.2,9,1.13199897686767
2.4,9,1.13083035851584
2.6,9,1.12982841690489
2.8,9,1.12900018733544
3,9,1.12835276104103
3.2,9,1.12789329662428
3.4,9,1.12762903201125
3.6,9,1.1275631531531
3.8,9,1.12767997432391
4,9,1.12795846889951
4.2,9,1.12837766497529
4.4,9,1.12891661760915
4.6,9,1.1295543845596
4.8,9,1.13027000593198
5,9,1.13104248772487
5.2,9,1.13185078927787
5.4,9,1.13267381463011
5.6,9,1.13349040780395
5.8,9,1.13427935203194
6,9,1.13501937294657
6.2,9,1.13568914575179
6.4,9,1.1362673063923
6.6,9,1.13673246673208
6.8,9,1.13706323374663
7,9,1.13723823272416
7.2,9,1.13723613446035
7.4,9,1.13703568641736
7.6,9,1.13661574780338
7.8,9,1.13595532851091
8,9,1.13503363183336
8.2,9,1.13383010085817
8.4,9,1.13232446841171
8.6,9,1.13049681040702
8.8,9,1.12832760241908
9,9,1.12580159689803
9.2,9,1.12293287708392
9.4,9,1.11974890138287
9.6,9,1.11627719423518
9.8,9,1.11254520663405
10,9,1.10858025197111
10.2,9,1.10440944832434
10.4,9,1.10005966719272
10.6,9,1.095557488646
10.8,9,1.09092916282721
11,9,1.08620057771811
11.2,9,1.08139723305533
11.4,9,1.07654422026578
11.6,9,1.07166620827526
11.8,9,1.06678743503326
12,9,1.06193170458956
12.2,9,1.05712238955479
12.4,9,1.05238243877691
12.6,9,1.04773439006854
12.8,9,1.04320038782663
13,9,1.03880220539507
13.2,9,1.03456127203308
13.4,9,1.03049870436719
13.6,9,1.02663534222231
13.8,9,1.02299178874737
14,9,1.01958845477397
14.2,9,1.01644560737147
14.4,9,1.01358198583054
14.6,9,1.01099719059943
14.8,9,1.00867744969417
15,9,1.00660902266549
15.2,9,1.00477846120132
15.4,9,1.00317257830548
15.6,9,1.00177841941952
15.8,9,1.00058323540114
16,9,0.999574457282162
16.2,9,0.998739672738729
16.4,9,0.998066604214468
16.6,9,0.997543088645615
16.8,9,0.997157058744092
17,9,0.996896525801281
17.2,9,0.996749563981296
17.4,9,0.996704296078123
17.6,9,0.996748880716017
17.8,9,0.996871500977071
18,9,0.997060354443902
18.2,9,0.997303644648965
18.4,9,0.997589573925065
18.6,9,0.997906337654255
18.8,9,0.99824211991445
19,9,0.998585090524751
19.2,9,0.998923403491706
19.4,9,0.999245196859464
19.6,9,0.999538593967077
19.8,9,0.999791943453362
20,9,1
20.2,9,1.00016451411001
20.4,9,1.00028759696174
20.6,9,1.00037136611309
20.8,9,1.00041794464381
21,9,1.00042946034181
21.2,9,1.0004080449339
21.4,9,1.00035583336114
21.6,9,1.00027496309924
21.8,9,1.00016757352406
22,9,1.00003580532248
22.2,9,0.999881799948824
22.4,9,0.999707699126811
22.6,9,0.999515644397285
22.8,9,0.999307776711638
23,9,0.999086236071025
23.2,9,0.998853161211355
23.4,9,0.998610689334042
23.6,9,0.998360955882479
23.8,9,0.998106094364193
24,9,0.997848236218614
24.2,9,0.997589510730394
24.4,9,0.997332044988191
24.6,9,0.997077963888845
24.8,9,0.996829390186864
25,9,0.996588444589132
25.2,9,0.996357236844472
25.4,9,0.996137197736017
25.6,9,0.995928622077095
25.8,9,0.995731696471134
26,9,0.995546607772601
26.2,9,0.99537354310944
26.4,9,0.995212689905903
26.6,9,0.995064235905741
26.8,9,0.994928369195793
27,9,0.994805278229941
27.2,9,0.99469515185347
27.4,9,0.994598179327798
27.6,9,0.994514550355615
27.8,9,0.994444455106404
28,9,0.99438808424237
28.2,9,0.994345628944765
28.4,9,0.994317280940622
28.6,9,0.994303232529898
28.8,9,0.994303676613029
29,9,0.994318806718903
29.2,9,0.994348817033256
29.4,9,0.994393902427494
29.6,9,0.994454258487941
29.8,9,0.994530081545529
30,9,0.994621568705923
30.2,9,0.994728917880096
30.4,9,0.994852327815348
30.6,9,0.994991997157667
30.8,9,0.995147619544278
31,9,0.995317555893508
31.2,9,0.9954999496008
31.4,9,0.995692943213436
31.6,9,0.995894678215048
31.8,9,0.996103294844821
32,9,0.996316931951422
32.2,9,0.996533726881692
32.4,9,0.996751815404135
32.6,9,0.996969331667269
32.8,9,0.997184408192877
33,9,0.997395175904218
33.2,9,0.997599764189247
33.4,9,0.997796300998894
33.6,9,0.997982912980452
33.8,9,0.998157725646109
34,9,0.998318863576662
34.2,9,0.998464450660419
34.4,9,0.998592610367326
34.6,9,0.998701466058288
34.8,9,0.99878914132969
35,9,0.998853760393058
35.2,9,0.998893448489831
35.4,9,0.998906332341148
35.6,9,0.998890540632561
35.8,9,0.998844204533553
36,9,0.998765458251709
36.2,9,0.998652929133093
36.4,9,0.998507335598549
36.6,9,0.998329955116263
36.8,9,0.998122067379646
37,9,0.997884953905647
37.2,9,0.997619897654123
37.4,9,0.997328182663299
37.6,9,0.997011093701411
37.8,9,0.996669915934583
38,9,0.996305934611013
38.2,9,0.995920434761506
38.4,9,0.995514700916398
38.6,9,0.995090016838883
38.8,9,0.994647665274771
39,9,0.994188927718674
39.2,9,0.99371508419663
39.4,9,0.993227413065136
39.6,9,0.992727190826591
39.8,9,0.992215691961111
40,9,0.991694188774692
0,10,1.14009480297001
0.2,10,1.13787759235103
0.4,10,1.13573804761439
0.6,10,1.1336823327565
0.8,10,1.13171658159843
1,10,1.12984690266372
1.2,10,1.12807938439331
1.4,10,1.12642010069742
1.6,10,1.12487511684539
1.8,10,1.12345049569484
2,10,1.12215230426312
2.2,10,1.12098662064436
2.4,10,1.11995954127716
2.6,10,1.11907718856851
2.8,10,1.11834571888116
3,10,1.11777133089261
3.2,10,1.11736027433553
3.4,10,1.11711885913034
3.6,10,1.11704982270994
3.8,10,1.11713930340902
4,10,1.11736873559408
4.2,10,1.11771959553951
4.4,10,1.11817338009205
4.6,10,1.11871158804443
4.8,10,1.11931570458533
5,10,1.11996718882033
5.2,10,1.12064746436519
5.4,10,1.12133791301756
5.6,10,1.12201987151737
5.8,10,1.12267463140789
6,10,1.12328344201053
6.2,10,1.12382751652571
6.4,10,1.12428804127003
6.6,10,1.12464618805628
6.8,10,1.12488312971799
7,10,1.12498005877345
7.2,10,1.12491820921637
7.4,10,1.12467888141077
7.6,10,1.12424347005689
7.8,10,1.12359349518262
8,10,1.12271063610128
8.2,10,1.12157676826173
8.4,10,1.12017400290052
8.6,10,1.11848472938835
8.8,10,1.11649166014484
9,10,1.11418126585029
9.2,10,1.11156601128215
9.4,10,1.10867021494048
9.6,10,1.10551824852975
9.8,10,1.10213441942259
10,10,1.0985429193769
10.2,10,1.09476777837736
10.4,10,1.09083282360229
10.6,10,1.08676164349089
10.8,10,1.08257755686399
11,10,1.07830358703153
11.2,10,1.07396244080377
11.4,10,1.06957649230969
11.6,10,1.06516777151485
11.8,10,1.06075795732377
12,10,1.05636837514583
12.2,10,1.05201999880163
12.4,10,1.0477334566463
12.6,10,1.04352904178851
12.8,10,1.03942672628855
13,10,1.03544617922556
13.2,10,1.03160678853289
13.4,10,1.0279276865115
13.6,10,1.02442777894418
13.8,10,1.02112577774834
14,10,1.01804023712147
14.2,10,1.01518959315249
14.4,10,1.01259090960779
14.6,10,1.01024396639988
14.8,10,1.0081364459126
15,10,1.00625603192977
15.2,10,1.00459064775938
15.4,10,1.00312843108126
15.6,10,1.00185771035365
15.8,10,1.00076698271436
16,10,0.999844893319532
16.2,10,0.999080216069632
16.4,10,0.998461835678942
16.6,10,0.997978731050383
16.8,10,0.997619959923002
17,10,0.997374644764351
17.2,10,0.997231959884529
17.4,10,0.997181119752781
17.6,10,0.99721136850128
17.8,10,0.997311970604105
18,10,0.997472202722425
18.2,10,0.997681346709506
18.4,10,0.997928683771501
18.6,10,0.99820348978188
18.8,10,0.998495031748938
19,10,0.9987925654371
19.2,10,0.99908533414357
19.4,10,0.999362568632474
19.6,10,0.999613488228807
19.8,10,0.999827521695803
20,10,1
20.2,10,1.00013269817129
20.4,10,1.00022772282581
20.6,10,1.00028718580786
20.8,10,1.00031320341481
21,10,1.00030789566612
21.2,10,1.00027338561647
21.4,10,1.00021179871361
21.6,10,1.00012526220082
21.8,10,1.0000159045643
22,10,0.999885855025636
22.2,10,0.999737243079347
22.4,10,0.999572198075654
22.6,10,0.999392848848513
22.8,10,0.999201323388907
23,10,0.99899974856342
23.2,10,0.998790249878068
23.4,10,0.998574951287355
23.6,10,0.99835597504851
23.8,10,0.998135441620856
24,10,0.997915469610237
24.2,10,0.997698175758446
24.4,10,0.997485674977584
24.6,10,0.997280080429276
24.8,10,0.997083503648688
25,10,0.996898054713279
25.2,10,0.996725831559496
25.4,10,0.996568115669805
25.6,10,0.996424821516398
25.8,10,0.996295733769166
26,10,0.996180637820028
26.2,10,0.996079319752951
26.4,10,0.995991566314473
26.6,10,0.995917164884717
26.8,10,0.995855903448909
27,10,0.99580757056937
27.2,10,0.995771955358004
27.4,10,0.995748847449264
27.6,10,0.995738036973588
27.8,10,0.99573931453132
28,10,0.995752471167086
28.2,10,0.995777298344648
28.4,10,0.995813587922216
28.6,10,0.99586113212822
28.8,10,0.995919723537541
29,10,0.995989155048192
29.2,10,0.996069219858457
29.4,10,0.996159711444473
29.6,10,0.996260423538266
29.8,10,0.996371150106224
30,10,0.996491685328016
30.2,10,0.996621823575956
30.4,10,0.996761359394798
30.6,10,0.996910087019564
30.8,10,0.997067559425399
31,10,0.997232693362486
31.2,10,0.997404301484286
31.4,10,0.997581195767461
31.6,10,0.997762187441746
31.8,10,0.997946086933969
32,10,0.998131703826262
32.2,10,0.998317846828459
32.4,10,0.998503323764698
32.6,10,0.998686941574266
32.8,10,0.998867506326679
33,10,0.999043823251033
33.2,10,0.999214696779641
33.4,10,0.99937893060596
33.6,10,0.999535327756837
33.8,10,0.999682690679088
34,10,0.999819821340397
34.2,10,0.999945521344573
34.4,10,1.00005859206114
34.6,10,1.00015783476928
34.8,10,1.0002420508161
35,10,1.00031004178926
35.2,10,1.00036060970387
35.4,10,1.0003925572037
35.6,10,1.00040468777662
35.8,10,1.00039580598435
36,10,1.00036471770626
36.2,10,1.00031055176818
36.4,10,1.00023380905633
36.6,10,1.00013535701518
36.8,10,1.00001606420475
37,10,0.999876800113182
37.2,10,0.999718434980084
37.4,10,0.999541839627307
37.6,10,0.999347885297192
37.8,10,0.999137443498322
38,10,0.998911385858788
38.2,10,0.998670583986982
38.4,10,0.998415909339947
38.6,10,0.998148233099267
38.8,10,0.997868426054534
39,10,0.99757735849436
39.2,10,0.997275900104975
39.4,10,0.996964919876367
39.6,10,0.99664528601599
39.8,10,0.996317865870028
40,10,0.99598352585219
0,11,1.10814869410009
0.2,11,1.10660586334061
0.4,11,1.10511682822407
0.6,11,1.10368601686456
0.8,11,1.10231784204137
1,11,1.10101670367773
1.2,11,1.09978699149793
1.4,11,1.09863308786298
1.6,11,1.09755937078494
1.8,11,1.09657021712053
2,11,1.0956700059452
2.2,11,1.09486312210873
2.4,11,1.09415395997439
2.6,11,1.0935469273436
2.8,11,1.09304644956896
3,11,1.09265697385857
3.2,11,1.09238297377526
3.4,11,1.09222895393499
3.6,11,1.09219680661584
3.8,11,1.09227633807548
4,11,1.09245391908213
4.2,11,1.0927159402757
4.4,11,1.09304880105763
4.6,11,1.09343889990622
4.8,11,1.09387262638962
5,11,1.09433635487492
5.2,11,1.09481643993441
5.4,11,1.09529921345204
5.6,11,1.09577098343421
5.8,11,1.09621803452997
6,11,1.0966266302657
6.2,11,1.09698301699878
6.4,11,1.09727342959398
6.6,11,1.09748409882413
6.8,11,1.09760126049489
7,11,1.09761116629002
7.2,11,1.09750009633055
7.4,11,1.09725437343664
7.6,11,1.09686037907676
7.8,11,1.09630457098307
8,11,1.09557350240644
8.2,11,1.09465384297799
8.4,11,1.09353240113698
8.6,11,1.09219614807795
8.8,11,1.09063224316143
9,11,1.08883057829673
9.2,11,1.08680030713193
9.4,11,1.08455937177298
9.6,11,1.08212575100359
9.8,11,1.07951738261903
10,11,1.07675213405498
10.2,11,1.07384777589479
10.4,11,1.07082195825425
10.6,11,1.06769219003214
10.8,11,1.0644758210046
11,11,1.0611900267331
11.2,11,1.05785179624835
11.4,11,1.05447792246626
11.6,11,1.05108499528769
11.8,11,1.04768939732949
12,11,1.0443073022325
12.2,11,1.0409546754904
12.4,11,1.03764727774336
12.6,11,1.03440067048129
12.8,11,1.03123022410341
13,11,1.02815112828363
13.2,11,1.02517840459546
13.4,11,1.02232692135483
13.6,11,1.01961141064487
13.8,11,1.01704648749373
14,11,1.01464667118385
14.2,11,1.01242640867952
14.4,11,1.01039910360659
14.6,11,1.00856487641774
14.8,11,1.00691451479043
15,11,1.00543876162814
15.2,11,1.00412850276279
15.4,11,1.00297475218153
15.6,11,1.00196863813095
15.8,11,1.00110139006924
16,11,1.0003643264401
16.2,11,0.999748843245333
16.4,11,0.999246403395802
16.6,11,0.99884852682316
16.8,11,0.998546781337223
17,11,0.998332774216045
17.2,11,0.998198144517905
17.4,11,0.998134556106254
17.6,11,0.998133691380438
17.8,11,0.998187245706523
18,11,0.998286922543967
18.2,11,0.998424429265074
18.4,11,0.998591473665238
18.6,11,0.998779761162884
18.8,11,0.998980992688709
19,11,0.999186863264453
19.2,11,0.999389061271795
19.4,11,0.999579268412233
19.6,11,0.999749160358909
19.8,11,0.999890579594147
20,11,1
20.2,11,1.00007894983487
20.4,11,1.00012921620246
20.6,11,1.00015258914134
20.8,11,1.00015086112696
21,11,1.00012582660555
21.2,11,1.00007928155984
21.4,11,1.00001302310688
21.6,11,0.999928849127943
21.8,11,0.999828557930628
22,11,0.999713947943226
22.2,11,0.999586817441344
22.4,11,0.999448964306832
22.6,11,0.999302185819031
22.8,11,0.999148278478315
23,11,0.99898903786194
23.2,11,0.998826258512154
23.4,11,0.998661733856568
23.6,11,0.998497256160729
23.8,11,0.998334616512883
24,11,0.998175604840879
24.2,11,0.99802200996118
24.4,11,0.997875619659948
24.6,11,0.997738220806171
24.8,11,0.997611599496799
25,11,0.997497541233886
25.2,11,0.997397820150536
25.4,11,0.997313388236496
25.6,11,0.997243819997178
25.8,11,0.997188559193109
26,11,0.997147050339417
26.2,11,0.99711873862784
26.4,11,0.997103069851878
26.6,11,0.997099490335046
26.8,11,0.997107446862245
27,11,0.997126386614233
27.2,11,0.997155757105181
27.4,11,0.997195006123312
27.6,11,0.997243581674624
27.8,11,0.997300931929676
28,11,0.997366505173447
28.2,11,0.997439749758253
28.4,11,0.99752011405973
28.6,11,0.99760704643587
28.8,11,0.997699995189115
29,11,0.997798408531507
29.2,11,0.997901734552893
29.4,11,0.998009421192182
29.6,11,0.998120916211661
29.8,11,0.998235667174363
30,11,0.998353121424501
30.2,11,0.99847272607095
30.4,11,0.998593927973798
30.6,11,0.998716173826032
30.8,11,0.998838958116053
31,11,0.998961901744257
31.2,11,0.999084646043979
31.4,11,0.999206832172372
31.6,11,0.999328101111771
31.8,11,0.999448093672336
32,11,0.999566450496
32.2,11,0.999682812061696
32.4,11,0.999796818691882
32.6,11,0.999908110560361
32.8,11,1.00001632770139
33,11,1.0001211100201
33.2,11,1.00022209730418
33.4,11,1.00031892923688
33.6,11,1.00041124541133
33.8,11,1.00049868534611
34,11,1.00058088850216
34.2,11,1.00065749430095
34.4,11,1.00072814214397
34.6,11,1.00079247143354
34.8,11,1.00085012159485
35,11,1.00090073209935
35.2,11,1.00094394248943
35.4,11,1.00097939240437
35.6,11,1.00100672160761
35.8,11,1.00102557001527
36,11,1.00103557772598
36.2,11,1.00103649416727
36.4,11,1.00102853430465
36.6,11,1.00101203733829
36.8,11,1.00098734267149
37,11,1.00095478988115
37.2,11,1.00091471869059
37.4,11,1.00086746894346
37.6,11,1.00081338057885
37.8,11,1.00075279360751
38,11,1.00068604808921
38.2,11,1.00061348411131
38.4,11,1.00053544176842
38.6,11,1.00045226114325
38.8,11,1.00036428228857
39,11,1.0002718452104
39.2,11,1.00017528985229
39.4,11,1.00007495608075
39.6,11,0.999971183671879
39.8,11,0.999864312299136
40,11,0.999754681522225
0,12,1.06392068571964
0.2,12,1.06326129536888
0.4,12,1.06262597697865
0.6,12,1.06201681510322
0.8,12,1.06143589124683
1,12,1.06088528440257
1.2,12,1.06036707163228
1.4,12,1.05988332868752
1.6,12,1.05943613067155
1.8,12,1.05902755274252
2,12,1.05865967085789
2.2,12,1.0583345625603
2.4,12,1.05805430780496
2.6,12,1.05782098982903
2.8,12,1.05763669606299
3,12,1.05750351908463
3.2,12,1.05742355761581
3.4,12,1.05739891756257
3.6,12,1.05743036712659
3.8,12,1.05751252041116
4,12,1.05763823468185
4.2,12,1.05780036968274
4.4,12,1.05799178507421
4.6,12,1.058205338213
4.8,12,1.05843388241472
5,12,1.05867026569903
5.2,12,1.05890733001789
5.4,12,1.05913791096748
5.6,12,1.05935483798457
5.8,12,1.05955093502799
6,12,1.05971902174592
6.2,12,1.05985191512943
6.4,12,1.05994243165242
6.6,12,1.05998338989795
6.8,12,1.05996761367018
7,12,1.05988793559091
7.2,12,1.05973720117879
7.4,12,1.05950827340887
7.6,12,1.05919403774896
7.8,12,1.05878740766871
8,12,1.05828133061615
8.2,12,1.05766879445529
8.4,12,1.05694283435752
8.6,12,1.05609654013783
8.8,12,1.05512306402611
9,12,1.05401699913004
9.2,12,1.05278338035723
9.4,12,1.05143201100202
9.6,12,1.04997271255631
9.8,12,1.04841528969811
10,12,1.04676952088771
10.2,12,1.04504514986218
10.4,12,1.04325187802763
10.6,12,1.04139935774617
10.8,12,1.03949718651319
11,12,1.03755490201872
11.2,12,1.03558197808524
11.4,12,1.03358782147324
11.6,12,1.03158176954498
11.8,12,1.02957308877612
12,12,1.02757097410427
12.2,12,1.02558454910364
12.4,12,1.02362286697443
12.6,12,1.02169491233606
12.8,12,1.01980960381369
13,12,1.01797579740773
13.2,12,1.01620229063714
13.4,12,1.01449782744811
13.6,12,1.01287110388057
13.8,12,1.01133077448682
14,12,1.00988545949747
14.2,12,1.00854375273206
14.4,12,1.00731365347734
14.6,12,1.00619546886481
14.8,12,1.00518407275708
15,12,1.00427427607376
15.2,12,1.00346093919844
15.4,12,1.00273896704506
15.6,12,1.0021033043979
15.8,12,1.00154893151916
16,12,1.00107086001901
16.2,12,1.00066412898329
16.4,12,1.0003238013549
16.6,12,1.0000449605652
16.8,12,0.999822707412393
17,12,0.999652157184105
17.2,12,0.999528437022077
17.4,12,0.999446683526956
17.6,12,0.999402040601743
17.8,12,0.99938965753264
18,12,0.999404687306373
18.2,12,0.999442285163287
18.4,12,0.999497607385732
18.6,12,0.999565810321442
18.8,12,0.999642049641749
19,12,0.999721479834588
19.2,12,0.999799253932361
19.4,12,0.999870523474737
19.6,12,0.999930438706525
19.8,12,0.999974252057225
20,12,1
20.2,12,1.00000875552932
20.4,12,1.00000174606013
20.6,12,0.999980199758782
20.8,12,0.999945345356961
21,12,0.99989841198068
21.2,12,0.999840628994343
21.4,12,0.99977322585989
21.6,12,0.999697432011034
21.8,12,0.99961447674261
22,12,0.999525589115023
22.2,12,0.99943199787381
22.4,12,0.999334931384305
22.6,12,0.999235617581402
22.8,12,0.999135283934407
23,12,0.999035157426981
23.2,12,0.998936464552143
23.4,12,0.998840431322346
23.6,12,0.998748283294597
23.8,12,0.998661245610623
24,12,0.998580543052067
24.2,12,0.998507400110717
24.4,12,0.998443041073745
24.6,12,0.998388690123978
24.8,12,0.998345571455177
25,12,0.998314909402354
25.2,12,0.998297918840038
25.4,12,0.998295085539313
25.6,12,0.99830567288826
25.8,12,0.998328828041394
26,12,0.998363698570933
26.2,12,0.998409432363072
26.4,12,0.998465177521564
26.6,12,0.998530082278581
26.8,12,0.998603294912867
27,12,0.99868396367516
27.2,12,0.998771236720896
27.4,12,0.99886426205018
27.6,12,0.998962187455029
27.8,12,0.999064160473893
28,12,0.99916932835344
28.2,12,0.999276838017631
28.4,12,0.99938583604407
28.6,12,0.999495468647641
28.8,12,0.99960488167144
29,12,0.999713220585
29.2,12,0.999819630489822
29.4,12,0.999923256132212
29.6,12,1.00002324192343
29.8,12,1.00011873196718
30,12,1.00020887009436
30.2,12,1.00029279990522
30.4,12,1.0003696648188
30.6,12,1.00043860881264
30.8,12,1.00049913228184
31,12,1.00055167507687
31.2,12,1.00059683025118
31.4,12,1.00063519113827
31.6,12,1.00066735130961
31.8,12,1.00069390453607
32,12,1.00071544475284
32.2,12,1.00073256602798
32.4,12,1.00074586253434
32.6,12,1.0007559285251
32.8,12,1.00076335831286
33,12,1.00076874625217
33.2,12,1.00077268672566
33.4,12,1.00077577413368
33.6,12,1.00077860288746
33.8,12,1.00078176740582
34,12,1.00078586211536
34.2,12,1.0007914814543
34.4,12,1.00079921987968
34.6,12,1.00080967187823
34.8,12,1.00082343198072
35,12,1.00084109477985
35.2,12,1.00086325495164
35.4,12,1.0008905072804
35.6,12,1.00092344668722
35.8,12,1.00096266826199
36,12,1.00100876729896
36.2,12,1.00106220339931
36.4,12,1.00112285670841
36.6,12,1.00119045299459
36.8,12,1.00126471809868
37,12,1.0013453779168
37.2,12,1.00143215838238
37.4,12,1.00152478544898
37.6,12,1.00162298507391
37.8,12,1.00172648320251
38,12,1.00183500575328
38.2,12,1.00194827860368
38.4,12,1.00206602757676
38.6,12,1.00218797842843
38.8,12,1.00231385683564
39,12,1.00244338838514
39.2,12,1.00257629856313
39.4,12,1.00271231274559
39.6,12,1.00285115618938
39.8,12,1.00299255402408
40,12,1.00313623124463
0,13,1.01310990357823
0.2,13,1.01341373785468
0.4,13,1.01371096501754
0.6,13,1.01400097654889
0.8,13,1.01428316338727
1,13,1.01455691597252
1.2,13,1.01482162429445
1.4,13,1.01507667794503
1.6,13,1.01532146617433
1.8,13,1.01555537795008
2,13,1.01577780202089
2.2,13,1.01598812698316
2.4,13,1.01618574135157
2.6,13,1.01637003363333
2.8,13,1.01654039240602
3,13,1.01669620639906
3.2,13,1.01683686457884
3.4,13,1.01696175623751
3.6,13,1.01707036230899
3.8,13,1.01716258198009
4,13,1.01723843467601
4.2,13,1.01729794062946
4.4,13,1.01734112086756
4.6,13,1.01736799720824
4.8,13,1.01737859225656
5,13,1.01737292940102
5.2,13,1.01735103280977
5.4,13,1.01731292742674
5.6,13,1.01725863896778
5.8,13,1.01718819391672
6,13,1.01710161952131
6.2,13,1.01699894378922
6.4,13,1.01688019548392
6.6,13,1.01674540412049
6.8,13,1.01659459996141
7,13,1.0164278140123
7.2,13,1.01624507801762
7.4,13,1.01604642445627
7.6,13,1.01583188653717
7.8,13,1.01560149819483
8,13,1.01535529408481
8.2,13,1.01509330957913
8.4,13,1.01481558076173
8.6,13,1.01452214442375
8.8,13,1.01421303805886
9,13,1.01388840005106
9.2,13,1.01354912815523
9.4,13,1.01319646699208
9.6,13,1.01283166183772
9.8,13,1.01245595666209
10,13,1.01207059398817
10.2,13,1.01167681476643
10.4,13,1.01127585826453
10.6,13,1.01086896197215
10.8,13,1.01045736152099
11,13,1.01004229061993
11.2,13,1.00962498100522
11.4,13,1.00920666240571
11.6,13,1.00878856252309
11.8,13,1.0083719070271
12,13,1.00795791956561
12.2,13,1.0075478217896
12.4,13,1.00714283339295
12.6,13,1.00674417216702
12.8,13,1.00635305406996
13,13,1.00597069331075
13.2,13,1.00559830244792
13.4,13,1.00523709250282
13.6,13,1.00488827308764
13.8,13,1.00455305254792
14,13,1.00423263811961
14.2,13,1.00392823610082
14.4,13,1.00364097212471
14.6,13,1.00337090551126
14.8,13,1.00311733767907
15,13,1.00287955531168
15.2,13,1.00265684652512
15.4,13,1.00244850075919
15.6,13,1.00225380867391
15.8,13,1.00207206205102
16,13,1.00190255370052
16.2,13,1.00174457737224
16.4,13,1.00159742767242
16.6,13,1.00146039998529
16.8,13,1.00133279039965
17,13,1.00121389564038
17.2,13,1.0011030130049
17.4,13,1.00099944030466
17.6,13,1.00090247581143
17.8,13,1.00081141820866
18,13,1.00072556654765
18.2,13,1.00064422020869
18.4,13,1.00056667886709
18.6,13,1.00049224246413
18.8,13,1.00042021118292
19,13,1.00034988542907
19.2,13,1.00028056581643
19.4,13,1.00021155315749
19.6,13,1.00014214845889
19.8,13,1.00007167329983
20,13,1
20.2,13,0.999927601165505
20.4,13,0.999854979612226
20.6,13,0.99978263801063
20.8,13,0.999711078885922
21,13,0.999640804620706
21.2,13,0.999572317460187
21.4,13,0.999506119519887
21.6,13,0.999442712795886
21.8,13,0.999382599177592
22,13,0.999326280463018
22.2,13,0.999274258376592
22.4,13,0.999227034589483
22.6,13,0.999185110742445
22.8,13,0.999148988471182
23,13,0.999119169434236
23.2,13,0.999096155343392
23.4,13,0.999080447996611
23.6,13,0.999072549313485
23.8,13,0.999072961373216
24,13,0.99908218645513
24.2,13,0.99910072708172
24.4,13,0.999129086064228
24.6,13,0.999167766550766
24.8,13,0.999217272076985
25,13,0.999278106619296
25.2,13,0.999350767024976
25.4,13,0.999435179875983
25.6,13,0.999530315186386
25.8,13,0.999635051571259
26,13,0.99974826747395
26.2,13,0.999868841064525
26.4,13,0.999995650150796
26.6,13,1.00012757210196
26.8,13,1.00026348378481
27,13,1.00040226151263
27.2,13,1.00054278100661
27.4,13,1.00068391736997
27.6,13,1.00082454507468
27.8,13,1.00096353796089
28,13,1.00109976924893
28.2,13,1.0012321115641
28.4,13,1.00135943697409
28.6,13,1.00148061703907
28.8,13,1.00159452287458
29,13,1.00170002522705
29.2,13,1.00179599456212
29.4,13,1.00188130116559
29.6,13,1.00195481525721
29.8,13,1.00201540711709
30,13,1.00206194722491
30.2,13,1.00209330641174
30.4,13,1.00210835602465
30.6,13,1.00210596940265
30.8,13,1.00208569863495
31,13,1.00204888290897
31.2,13,1.00199715279981
31.4,13,1.00193213926331
31.6,13,1.00185547340674
31.8,13,1.00176878628595
32,13,1.00167370872909
32.2,13,1.0015718711869
32.4,13,1.00146490360944
32.6,13,1.00135443534942
32.8,13,1.00124209509205
33,13,1.00112951081129
33.2,13,1.00101830975273
33.4,13,1.00091011844279
33.6,13,1.00080656272443
33.8,13,1.00070926781927
34,13,1.0006198584161
34.2,13,1.00053995878578
34.4,13,1.00047119292252
34.6,13,1.00041518471153
34.8,13,1.00037355812307
35,13,1.00034793743286
35.2,13,1.0003399474689
35.4,13,1.0003512138848
35.6,13,1.00038336345951
35.8,13,1.00043802442362
36,13,1.00051682681234
36.2,13,1.00062100032457
36.4,13,1.00075006034987
36.6,13,1.00090306632988
36.8,13,1.00107907888632
37,13,1.00127715960362
37.2,13,1.00149637081622
37.4,13,1.00173577540494
37.6,13,1.00199443660224
37.8,13,1.00227141780629
38,13,1.002565782404
38.2,13,1.00287659360285
38.4,13,1.00320291427153
38.6,13,1.0035438067895
38.8,13,1.0038983329052
39,13,1.00426555360323
39.2,13,1.00464452898026
39.4,13,1.0050343181298
39.6,13,1.00543397903575
39.8,13,1.00584256847484
40,13,1.0062591419279
0,14,0.960775490482774
0.2,14,0.962018539524843
0.4,14,0.963226893201133
0.6,14,0.964397147508237
0.8,14,0.965525886844363
1,14,0.966609685390164
1.2,14,0.967645108609509
1.4,14,0.968628714870379
1.6,14,0.969557057185962
1.8,14,0.970426685075827
2,14,0.971234146546898
2.2,14,0.971975990193749
2.4,14,0.972648767417571
2.6,14,0.973249034762917
2.8,14,0.973773356371143
3,14,0.974218306549219
3.2,14,0.974580472452345
3.4,14,0.974856456878554
3.6,14,0.97504439990462
3.8,14,0.975149418012825
4,14,0.975178641142552
4.2,14,0.975139219087838
4.4,14,0.975038316041513
4.6,14,0.974883105817996
4.8,14,0.974680767599407
5,14,0.974438482207289
5.2,14,0.974163428901433
5.4,14,0.973862782706567
5.6,14,0.973543712267067
5.8,14,0.973213378229374
6,14,0.972878932151377
6.2,14,0.972547515937782
6.4,14,0.972226261800283
6.6,14,0.971922292741326
6.8,14,0.971642723560252
7,14,0.971394662380811
7.2,14,0.971185212699268
7.4,14,0.97102147595269
7.6,14,0.970910554607493
7.8,14,0.970859555768883
8,14,0.97087559531255
8.2,14,0.970965802540718
8.4,14,0.971137325365618
8.6,14,0.971397336024402
8.8,14,0.971753037330694
9,14,0.972210505783273
9.2,14,0.972767038625217
9.4,14,0.973415914953265
9.6,14,0.974150402137953
9.8,14,0.974963770539519
10,14,0.975849287745425
10.2,14,0.976800213280444
10.4,14,0.977809793787834
10.6,14,0.97887125868112
10.8,14,0.979977816266893
11,14,0.981122650339853
11.2,14,0.982298917252048
11.4,14,0.983499743458856
11.6,14,0.984718223544817
11.8,14,0.985947418732856
12,14,0.987180355880746
12.2,14,0.988410026968969
12.4,14,0.989629389084207
12.6,14,0.990831364902827
12.8,14,0.992008843678606
13,14,0.993154682738845
13.2,14,0.994261709492754
13.4,14,0.995322723955628
13.6,14,0.996330501791906
13.8,14,0.997277797879626
14,14,0.998157350398128
14.2,14,0.998961885440104
14.4,14,0.999684574969965
14.6,14,1.00032463582535
14.8,14,1.00088561021807
15,14,1.00137116039923
15.2,14,1.00178497361797
15.4,14,1.00213075937221
15.6,14,1.0024122467904
15.8,14,1.00263318214647
16,14,1.00279732651031
16.2,14,1.00290845353531
16.4,14,1.00297034738483
16.6,14,1.00298680079872
16.8,14,1.00296161330122
17,14,1.0028985895511
17.2,14,1.00280153783486
17.4,14,1.00267426870356
17.6,14,1.00252059375372
17.8,14,1.00234432455271
18,14,1.0021492717087
18.2,14,1.00193924408529
18.4,14,1.00171804816089
18.6,14,1.00148948753268
18.8,14,1.00125736256507
19,14,1.00102547018241
19.2,14,1.00079760380587
19.4,14,1.00057755343406
19.6,14,1.00036910586735
19.8,14,1.00017597566262
20,14,1
20.2,14,0.999840971385124
20.4,14,0.9996985799857
20.6,14,0.999572516982025
20.8,14,0.999462474516649
21,14,0.999368145645061
21.2,14,0.999289224287371
21.4,14,0.999225405181003
21.6,14,0.999176383834371
21.8,14,0.999141856481535
22,14,0.999121520037833
22.2,14,0.999115072056487
22.4,14,0.999122210686157
22.6,14,0.99914263462946
22.8,14,0.99917604310243
23,14,0.999222135794921
23.2,14,0.999280612831953
23.4,14,0.999351174735986
23.6,14,0.999433522390114
23.8,14,0.999527357002196
24,14,0.999632380069898
24.2,14,0.999748293346645
24.4,14,0.999874798808498
24.6,14,1.00001159862193
24.8,14,1.0001583951125
25,14,1.00031489073445
25.2,14,1.00048078298367
25.4,14,1.00065539080912
25.6,14,1.00083739813137
25.8,14,1.00102542747858
26,14,1.00121810046812
26.2,14,1.00141403773309
26.4,14,1.00161185886777
26.6,14,1.00181018239217
26.8,14,1.00200762573551
27,14,1.00220280523885
27.2,14,1.00239433617683
27.4,14,1.00258083279842
27.6,14,1.00276090838699
27.8,14,1.00293317533935
28,14,1.00309624526417
28.2,14,1.00324872909943
28.4,14,1.00338923724923
28.6,14,1.00351637973975
28.8,14,1.00362876639444
29,14,1.00372500702843
29.2,14,1.00380371166221
29.4,14,1.0038634907544
29.6,14,1.00390295545376
29.8,14,1.0039207178703
30,14,1.00391539136544
30.2,14,1.00388559086123
30.4,14,1.0038299331685
30.6,14,1.00374703926194
30.8,14,1.00363653896289
31,14,1.00350071562275
31.2,14,1.00334228486164
31.4,14,1.00316396224814
31.6,14,1.00296846272531
31.8,14,1.00275850010996
32,14,1.00253678666542
32.2,14,1.00230603274757
32.4,14,1.00206894652418
32.6,14,1.00182823376744
32.8,14,1.00158659771958
33,14,1.00134673903157
33.2,14,1.00111135577452
33.4,14,1.00088314352403
33.6,14,1.00066479551702
33.8,14,1.00045900288115
34,14,1.00026845493667
34.2,14,1.00009583957062
34.4,14,0.999943843683288
34.6,14,0.999815153707076
34.8,14,0.999712456197539
35,14,0.999638438496883
35.2,14,0.999595789469903
35.4,14,0.99958720031257
35.6,14,0.99961536543347
35.8,14,0.999682983408382
36,14,0.99979275800835
36.2,14,0.999946719746718
36.4,14,1.00014400766625
36.6,14,1.00038299320251
36.8,14,1.00066205155926
37,14,1.00097956104535
37.2,14,1.00133390243188
37.4,14,1.0017234583365
37.6,14,1.00214661263449
37.8,14,1.00260174989673
38,14,1.00308725485417
38.2,14,1.00360151188886
38.4,14,1.00414290455143
38.6,14,1.00470981510488
38.8,14,1.00530062409475
39,14,1.00591370994564
39.2,14,1.00654744858398
39.4,14,1.0072002130872
39.6,14,1.00787037335927
39.8,14,1.0085562958327
40,14,1.00925634319699
