"value","lag","rr","lo","hi"
0,0,1.11588733058158,1.03720366459727,1.20054004536898
0.2,0,1.11670388260211,1.04158199620809,1.19724377529418
0.4,0,1.11746293020467,1.04569986255423,1.19415086976437
0.6,0,1.11815853168626,1.04953380657494,1.19127034703432
0.8,0,1.11878474102935,1.05306260115717,1.18860863103931
1,0,1.11933561139814,1.05626817383616,1.18616866623341
1.2,0,1.11980519894682,1.0591365899438,1.18394897834175
1.4,0,1.12018756693856,1.06165900240735,1.18194277284739
1.6,0,1.12047679017307,1.06383244797125,1.18013719144471
1.8,0,1.12066695972027,1.06566035925116,1.17851285703373
2,0,1.12075218795675,1.06715267994659,1.17704381988968
2.2,0,1.12072661390097,1.06832551918493,1.17569796897131
2.4,0,1.12058440884258,1.06920035101492,1.17443790225949
2.6,0,1.12031978226015,1.06980283706239,1.17322217799487
2.8,0,1.11992698802115,1.07016140246954,1.17200681654545
3,0,1.1194003308568,1.07030571292049,1.17074690492229
3.2,0,1.11873417310664,1.07026518223848,1.16939817425334
3.4,0,1.11792492867206,1.0700677459023,1.16792245251034
3.6,0,1.11697674508752,1.06973814661338,1.16630135422966
3.8,0,1.11589565919783,1.06929563843809,1.16452651395402
4,0,1.11468773465024,1.06875428559356,1.16259533414605
4.2,0,1.11335905506049,1.06812370366811,1.16051013682059
4.4,0,1.11191571748346,1.06740976693422,1.15827735616265
4.6,0,1.11036382619362,1.0666152686985,1.15590678541827
4.8,0,1.10870948677988,1.06574053446458,1.15341087846796
5,0,1.10695880055829,1.06478399494934,1.15080409918422
5.2,0,1.10511785930523,1.06374272907111,1.14810230855522
5.4,0,1.1031927403131,1.0626129869223,1.14532217962486
5.6,0,1.10118950176959,1.06139070009841,1.14248063290466
5.8,0,1.09911417846097,1.06007198203349,1.13959428960342
6,0,1.0969727777993,1.05865361464905,1.13667894633471
6.2,0,1.09477127617253,1.05713351033187,1.13374908222914
6.4,0,1.09251561561634,1.05551113103206,1.13081741658042
6.6,0,1.09021170080573,1.05378784046705,1.12789454094188
6.8,0,1.08786539636388,1.05196716249237,1.12498865249943
7,0,1.08548252448578,1.05005491981878,1.12210541441715
7.2,0,1.08306886287319,1.04805923278243,1.1192479633152
7.4,0,1.08063014297767,1.04599036703162,1.11641707487794
7.6,0,1.07817204854779,1.04386042986526,1.11361148771564
7.8,0,1.07570021447661,1.04168292495241,1.1108283756095
8,0,1.07322022594524,1.03947218177357,1.10806395166124
8.2,0,1.07073761784301,1.03724267766557,1.1053141863044
8.4,0,1.0682576179451,1.0350076787895,1.10257572159504
8.6,0,1.06578449873511,1.03277663625371,1.09984730276664
8.8,0,1.06332229276209,1.03055617076928,1.09713020052155
9,0,1.06087499523381,1.02835093354912,1.09442770828057
9.2,0,1.05844656450614,1.02616408794068,1.09174462747289
9.4,0,1.05604092272102,1.02399775308957,1.08908679447456
9.6,0,1.05366195659089,1.02185340972532,1.08646064905275
9.8,0,1.05131351832702,1.01973226871286,1.08387284361632
10,0,1.04899942670971,1.01763560231934,1.08132989326368
10.2,0,1.04672346829813,1.01556503691615,1.07883786784649
10.4,0,1.04448939877784,1.01352280463704,1.07640212846517
10.6,0,1.04230094444419,1.0115119507717,1.07402711155356
10.8,0,1.04016180381966,1.00953649366246,1.07171616372208
11,0,1.03807564940398,1.0076015346911,1.06947142971139
11.2,0,1.03604612955517,1.005713317507,1.06729379424646
11.4,0,1.03407687050074,1.00387923770536,1.06518287652687
11.6,0,1.03217147847775,1.00210780634658,1.06313707391128
11.8,0,1.03033354200114,1.00040857260716,1.06115364945947
12,0,1.02856663425963,0.998792012106447,1.05922885674764
12.2,0,1.02687431563901,0.997269387806965,1.05735809502577
12.4,0,1.02526013637268,0.995852589714573,1.05553608846486
12.6,0,1.02372763931965,0.994553957895567,1.05375708495952
12.8,0,1.02228036287054,0.993386090615525,1.05201507267248
13,0,1.02092184398225,0.992361635687937,1.05030401623453
13.2,0,1.0196556208473,0.991493057121719,1.0486181195698
13.4,0,1.01848341546516,0.990788165994468,1.04695282319648
13.6,0,1.01740104746325,0.990240276930903,1.04530679623279
13.8,0,1.01640317705067,0.989838952363187,1.0436803036012
14,0,1.01548450621218,0.989572964034519,1.04207453097012
14.2,0,1.01463977454047,0.989430478081363,1.04049136840403
14.4,0,1.01386375534957,0.989399214383846,1.03893322277569
14.6,0,1.01315125206449,0.989466590811119,1.03740284825422
14.8,0,1.01249709488301,0.989619861588862,1.03590318559353
15,0,1.01189613770609,0.989846257919212,1.03443720205291
15.2,0,1.01134325533367,0.990133137999246,1.03300772477498
15.4,0,1.01083334092308,0.990468152478673,1.03161726155926
15.6,0,1.01036130370764,0.990839429897032,1.03026780447755
15.8,0,1.00992206697359,0.991235784455438,1.02896061396788
16,0,1.00951056629332,0.991646945356453,1.02769598417059
16.2,0,1.00912174801375,0.992063802773487,1.02647299444595
16.4,0,1.00875056799833,0.992478660446642,1.02528925707986
16.6,0,1.00839199062176,0.992885479511669,1.02414067657655
16.8,0,1.00804098801652,0.993280093485859,1.02302124062027
17,0,1.00769253957044,0.993660371737207,1.02192286538571
17.2,0,1.00734163167454,0.994026309602192,1.02083531703584
17.4,0,1.00698325772065,0.994380028339521,1.01974622622193
17.6,0,1.00661241834808,0.994725676874366,1.01864120362959
17.8,0,1.00622412193878,0.995069237893595,1.01750405400406
18,0,1.00581338536025,0.995418250097181,1.01631707683787
18.2,0,1.0053752357295,0.995781461273011,1.01506144061567
18.4,0,1.00490579570561,0.996166992117215,1.01372125982257
18.6,0,1.00440443863847,0.99657803627508,1.01229230389962
18.8,0,1.00387114470607,0.997014897075438,1.01077454121253
19,0,1.00330589727249,0.997476013238251,1.00916985485578
19.2,0,1.0027086829013,0.997958313406008,1.00748166457391
19.4,0,1.00207949136841,0.998457507970345,1.00571461379705
19.6,0,1.00141831567445,0.998968327615986,1.00387431237335
19.8,0,1.00072515205663,0.999484718104443,1.00196712547846
20,0,1,1,1
20.2,0,0.999242862248287,0.997980320843817,1.00050700088946
20.4,0,0.998453744814093,0.995915790778546,1.00099816647546
20.6,0,0.997632656988615,0.993814328478418,1.00146565587757
20.8,0,0.996779611350798,0.991683980283634,1.00190142561391
21,0,0.995894623775934,0.989532841859363,1.0022973060724
21.2,0,0.994977713443706,0.987368986403669,1.00264507380925
21.4,0,0.99402890284568,0.985200396341299,1.00293652272373
21.6,0,0.993048217792217,0.983034895551426,1.00316353704527
21.8,0,0.992035687418829,0.980880079113336,1.00331816913048
22,0,0.990991344191956,0.978743237305891,1.00339272531438
22.2,0,0.989915223914165,0.976631270144846,1.00337986350949
22.4,0,0.988807365728774,0.974550588056506,1.0032727069298
22.6,0,0.98766781212388,0.972506993325775,1.00306497927548
22.8,0,0.986496608935814,0.970505535674144,1.00275116799397
23,0,0.985293805351988,0.96855033367476,1.0023267238799
23.2,0,0.984059461572637,0.966644354642215,1.00178831983047
23.4,0,0.982798979304289,0.964791304918735,1.00114276403321
23.6,0,0.981532388294181,0.962999893489,1.00042153252999
23.8,0,0.980282108382136,0.961279897837968,0.999659947300908
24,0,0.97907044574102,0.959641443271394,0.998892809855885
24.2,0,0.977919599132932,0.958095206669442,0.998154187299114
24.4,0,0.976851671217806,0.956652620448627,0.99747721081193
24.6,0,0.975888684877121,0.955326072022807,0.996893891166053
24.8,0,0.975052604524174,0.954129090626069,0.996434959304655
25,0,0.974365362384364,0.953076511626732,0.996129741770654
25.2,0,0.973848889744056,0.952184608508793,0.996006080733631
25.4,0,0.973525153184865,0.951471184500612,0.996090306592995
25.6,0,0.9734161958417,0.95095561909477,0.996407267911097
25.8,0,0.973544183747607,0.950658868836459,0.996980419347292
26,0,0.973931457356496,0.950603425979697,0.997831964103196
26.2,0,0.974600588366288,0.950813242140409,0.998983043931616
26.4,0,0.975574442000074,0.951313626324759,1.00045396759496
26.6,0,0.976876244941701,0.952131127408123,1.00226446805614
26.8,0,0.97852965916501,0.953293410341552,1.00443397958927
27,0,0.980558861943108,0.954829133372566,1.00698192810587
27.2,0,0.982988632375865,0.95676783080347,1.00992803088783
27.4,0,0.985844444830675,0.959139802677553,1.01329260519724
27.6,0,0.989152569754012,0.961976009584756,1.01709688859425
27.8,0,0.992940182379887,0.965307967682932,1.02136337706936
28,0,0.997235479936752,0.969167636086494,1.02611619023969
28.2,0,1.00206774939306,0.973587224642053,1.03138142013199
28.4,0,1.00744363834742,0.978574119847217,1.0371648543139
28.6,0,1.01330977922071,0.984071896654644,1.04341635215365
28.8,0,1.01960260870502,0.990012822141462,1.05007678327781
29,0,1.02625739208321,0.996327634510628,1.05708624183925
29.2,0,1.03320795808949,1.00294556463299,1.06438347434151
29.4,0,1.04038647609321,1.00979437504338,1.07190537637045
29.6,0,1.04772327713565,1.01680042322772,1.07958655442655
29.8,0,1.05514672073318,1.02388875113249,1.08735895481083
30,0,1.06258310965945,1.03098319906254,1.0951515659617
30.2,0,1.06995665513158,1.03800653956267,1.10289020370016
30.4,0,1.07718949494196,1.04488062555773,1.11049739044971
30.6,0,1.08420176709308,1.05152654693055,1.11789233966472
30.8,0,1.09091174139991,1.05786479069045,1.12499105556526
31,0,1.09723601131565,1.0638154016316,1.13170655611998
31.2,0,1.10308974790635,1.06929814249457,1.13794922442995
31.4,0,1.10838701744167,1.07423265469174,1.14362729066897
31.6,0,1.1130411634808,1.07853862225545,1.14864744390142
31.8,0,1.11696525361024,1.08213594256663,1.15291557067543
32,0,1.12007259013777,1.08494490754064,1.15633761535576
32.2,0,1.12227728306551,1.08688639839009,1.15882055562614
32.4,0,1.12349488256537,1.08788209611554,1.1602734852036
32.6,0,1.12364306697142,1.08785470890016,1.16060879419221
32.8,0,1.12264238100456,1.08672821713153,1.15974343516566
33,0,1.12041701757488,1.08442813750006,1.1576002594006
33.2,0,1.11689583861254,1.08088200361954,1.15410961615853
33.4,0,1.11206591596236,1.07606991798912,1.14926602888057
33.6,0,1.10604196766234,1.07009168878947,1.14320001458404
33.8,0,1.0989579874635,1.06306558027213,1.13606223418565
34,0,1.09094830138941,1.05511127525446,1.12800253794785
34.2,0,1.082146444174,1.04634953628805,1.11916800841976
34.4,0,1.07268418537907,1.03690180604176,1.10970137659884
34.6,0,1.06269070704491,1.02688973109222,1.09973983052538
34.8,0,1.05229193193154,1.01643460237556,1.08941422047247
35,0,1.04160999907609,1.00565671952408,1.07884864597607
35.2,0,1.03076288152702,0.99467470159988,1.06816039075383
35.4,0,1.01986413970852,0.983604779289749,1.05746015611521
35.6,0,1.0090228028981,0.972560110255379,1.04685253490502
35.8,0,0.998343370740531,0.961650158688345,1.03643666763495
36,0,0.987925926540497,0.950980172880732,1.02630702948768
36.2,0,0.977866354240033,0.940650782960661,1.01655430907634
36.4,0,0.968256651461674,0.930757727603896,1.00726635438557
36.6,0,0.959185331752076,0.921391706004547,0.998529175650946
36.8,0,0.950737910164639,0.912638341429958,0.990428007230065
37,0,0.94299746754988,0.904578236279893,0.983048439748597
37.2,0,0.936045290361167,0.897287096163511,0.976477639490824
37.4,0,0.929961584420423,0.890835902352302,0.970805673877889
37.6,0,0.924826262921472,0.885291118416057,0.966126959592214
37.8,0,0.920719810984877,0.880714928461547,0.962541842933051
38,0,0.917724231335113,0.877165521739876,0.960158309812575
38.2,0,0.915923842792194,0.874697228430399,0.95909356806882
38.4,0,0.915364221905768,0.873319730838386,0.959432873388511
38.6,0,0.916004415525663,0.8729538670869,0.961178042618127
38.8,0,0.917796321887506,0.87351356653754,0.964323990764296
39,0,0.920695919278391,0.874918655456631,0.968868329060221
39.2,0,0.924662682513978,0.877095751162558,0.974809278577251
39.4,0,0.929659042403092,0.879978914794468,0.982143913441036
39.6,0,0.935649881837319,0.883509915231073,0.990866866675998
39.8,0,0.942602063022236,0.887638035248999,1.00096955507831
40,0,0.950483981147863,0.892319446219235,1.01243988601446
0,1,1.0526536968236,0.996949054171197,1.11147084276797
0.2,1,1.05152105887518,0.998320408510151,1.10755678020054
0.4,1,1.05041918485301,0.999563731352461,1.10386204430841
0.6,1,1.04935093719132,1.00067230781294,1.10039758349159
0.8,1,1.04831916933015,1.00164130989433,1.09717228106436
1,1,1.04732672668584,1.00246835267963,1.09419241963941
1.2,1,1.04637644769948,1.00315404808105,1.09146114935652
1.4,1,1.04547116496315,1.0037024949558,1.08897802113917
1.6,1,1.04461370642373,1.00412163503912,1.08673865552734
1.8,1,1.04380689666447,1.00442340764621,1.08473461413803
2,1,1.04305355826434,1.00462365546285,1.08295352144248
2.2,1,1.04235651323529,1.00474176685296,1.08137945144569
2.4,1,1.04171858453785,1.00480007922283,1.0799935547486
2.6,1,1.04114259767543,1.00482310217813,1.07877486728224
2.8,1,1.04063138236789,1.00483663882372,1.0777012223963
3,1,1.04018777430504,1.0048668840981,1.07675018744874
3.2,1,1.03981461697833,1.00493956239873,1.07589996268132
3.4,1,1.03951312230432,1.00507625746686,1.07512989528409
3.6,1,1.03927817684559,1.00528487376682,1.07442094977551
3.8,1,1.0391031552055,1.00556696076855,1.07375779961266
4,1,1.03898144758753,1.00592071645884,1.07312875733507
4.2,1,1.03890645620172,1.00634147495823,1.07252523283154
4.4,1,1.03887159209287,1.00682216018616,1.07194123007584
4.6,1,1.03887027238861,1.00735370366176,1.0713728841515
4.8,1,1.03889591796599,1.00792543085599,1.07081803407796
5,1,1.03894195153534,1.00852542381934,1.07027582365976
5.2,1,1.03900179614116,1.00914086885448,1.0697463215517
5.4,1,1.03906887407939,1.00975839726884,1.06923015248088
5.6,1,1.03913660623116,1.01036442499809,1.06872813382326
5.8,1,1.0391984118131,1.01094549330423,1.06824091532884
6,1,1.0392477085443,1.01148860803266,1.06776862451792
6.2,1,1.03927791323009,1.01198156945201,1.06731052573692
6.4,1,1.03928244276283,1.01241327917684,1.06686470639074
6.6,1,1.03925471553953,1.0127740060435,1.0664278085004
6.8,1,1.03918815329612,1.01305559016634,1.06599482637836
7,1,1.0390761833579,1.01325156466649,1.06555899094712
7.2,1,1.03891224130507,1.01335717812088,1.06511175766772
7.4,1,1.03868977405219,1.01336930717531,1.06464290864292
7.6,1,1.03840224333959,1.01328625669223,1.06414077152554
7.8,1,1.03804312963439,1.01310745238991,1.06359255026627
8,1,1.03760593643796,1.01283303629416,1.06298475735996
8.2,1,1.03708419513277,1.01246337727393,1.0623037355584
8.4,1,1.03647379746004,1.01200056307793,1.06153886866811
8.6,1,1.03577891005061,1.01145278578537,1.06069009407354
8.8,1,1.03500553388801,1.01082813626911,1.05976121631582
9,1,1.0341596712901,1.01013325614675,1.05875756412823
9.2,1,1.03324732159463,1.00937367585709,1.05768562537153
9.4,1,1.03227447718698,1.00855413047719,1.05655270654385
9.6,1,1.03124711987121,1.00767885211132,1.05536661805936
9.8,1,1.03017121758449,1.00675183838909,1.05413538577454
10,1,1.0290527214549,1.00577709633301,1.05286698950949
10.2,1,1.02789756320166,1.00475886010761,1.05156913005251
10.4,1,1.02671165287685,1.00370178036153,1.05024902693051
10.6,1,1.0255008769468,1.00261108234676,1.04891324974896
10.8,1,1.02427109671149,1.00149268996764,1.04756758593261
11,1,1.02302814705961,1.00035331347435,1.0462169471317
11.2,1,1.02177783555703,0.999200499637964,1.04486531543357
11.4,1,1.02052594186599,0.998042644763388,1.0435157289981
11.6,1,1.01927821749239,0.996888972555966,1.04217030507491
11.8,1,1.01804038585842,0.995749480358453,1.04083029685908
12,1,1.01681814269775,0.994634858338453,1.03949617957939
12.2,1,1.01561715677055,0.993556386623981,1.03816776079672
12.4,1,1.01444307089571,0.992525815041678,1.03684431023601
12.6,1,1.01330150329776,0.991555228978131,1.03552470561188
12.8,1,1.01219804926614,0.99065690297341,1.03420759282356
13,1,1.01113828312475,0.989843140963192,1.03289156159187
13.2,1,1.01012776013349,0.989126097665786,1.03157534130402
13.4,1,1.00917063420038,0.988514435784705,1.03025846873338
13.6,1,1.00826654848751,0.98800596473431,1.02894260671017
13.8,1,1.00741424203005,0.987595661488926,1.02763053202857
14,1,1.00661246574631,0.987277887679589,1.02632568686145
14.2,1,1.00585998183675,0.987046533923654,1.02503202056619
14.4,1,1.0051555631999,0.986895144635591,1.02375385239611
14.6,1,1.00449799286521,0.986817030851235,1.02249574756512
14.8,1,1.00388606344214,0.986805377616481,1.02126240009712
15,1,1.00331857658538,0.986853351710948,1.02005851667429
15.2,1,1.00279434247582,0.986954214772924,1.0188886964051
15.4,1,1.00231217931688,0.987101446107425,1.0177573022192
15.6,1,1.00187091284618,0.987288878411487,1.01666832064617
15.8,1,1.00146937586193,0.987510848145488,1.0156252082423
16,1,1.00110640776412,0.98776236014771,1.01463072506278
16.2,1,1.00078085411011,0.988039263252219,1.01368675841548
16.4,1,1.00049156618439,0.988338430226683,1.01279414357743
16.6,1,1.00023740058243,0.988657931663746,1.01195249183939
16.8,1,1.00001721880833,0.988997190212373,1.01116003949253
17,1,0.999829886886077,0.989357099635852,1.01041353327182
17.2,1,0.999674274984371,0.989740093543106,1.00970816741194
17.4,1,0.99954925705474,0.990150151798365,1.00903758431392
17.6,1,0.999453710482873,0.990592738343172,1.00839394509263
17.8,1,0.999386515753022,0.991074671247377,1.00776806919291
18,1,0.999346556125366,0.991603932094673,1.00714963597409
18.2,1,0.999332717075652,0.992189422935287,1.00652743955218
18.4,1,0.999343534880361,0.992838504597668,1.0058911858096
18.6,1,0.999376497459836,0.993551601129793,1.00523554341756
18.8,1,0.999428898633215,0.994326414039968,1.00455756713213
19,1,0.999498032898595,0.995159288927505,1.00385569313712
19.2,1,0.999581194943169,0.996045467114342,1.00312947377664
19.4,1,0.999675679226668,0.99697929301022,1.00237935797033
19.6,1,0.999778779638074,0.997954383794501,1.00160651072447
19.8,1,0.999887789225608,0.998963768118887,1.000812665033
20,1,1,1,1
20.2,1,1.00011270281108,0.999171039796435,1.00105525329064
20.4,1,1.00022318729777,0.99832856887057,1.00212140131374
20.6,1,1.00032874191145,0.997475559554576,1.00319008552048
20.8,1,1.00042665401284,0.996615108807209,1.00425277643764
21,1,1.00051421004246,0.9957503812906,1.00530082971141
21.2,1,1.00058869576458,0.994884556300312,1.00632553973392
21.4,1,1.0006473965848,0.994020776257003,1.00731819314917
21.6,1,1.00068759794133,0.993162094529181,1.00827012447379
21.8,1,1.00070658576969,0.992311420288867,1.00917277613444
22,1,1.00070164704109,0.991471457898798,1.01001776542615
22.2,1,1.00067007037416,0.990644637977649,1.01079696124617
22.4,1,1.00060914671999,0.989833036768648,1.01150257397775
22.6,1,1.00051617012033,0.989038279721948,1.01212726261078
22.8,1,1.0003884385386,0.988261424266887,1.01266426411827
23,1,1.00022325476355,0.98750281558111,1.01310755127423
23.2,1,1.00001793847942,0.986761915358048,1.01345204118236
23.4,1,0.999777556385477,0.98604244808217,1.0137039882981
23.6,1,0.999528442394595,0.985362172398014,1.01389837680132
23.8,1,0.999300526691179,0.984741440126136,1.01407486468464
24,1,0.99912371313446,0.984200926028636,1.01427276458237
24.2,1,0.999027890078624,0.983761802044063,1.01453087839067
24.4,1,0.999042950139895,0.983445912818099,1.01488734989418
24.6,1,0.999198818915276,0.983275948428493,1.01537953950502
24.8,1,0.999525492678031,0.983275607897032,1.01604392755147
25,1,1.00005308510281,0.983469746248096,1.01691605343125
25.2,1,1.00081188310883,0.983884498486076,1.01803049739382
25.4,1,1.00183241195272,0.984547375775295,1.01942090988628
25.6,1,1.0031455097537,0.985487331958766,1.02112009064477
25.8,1,1.0047824116933,0.986734801803821,1.02316011658108
26,1,1.00677484419935,0.988321715399433,1.02557251461684
26.2,1,1.00915512950117,0.990281495416016,1.02838847349227
26.4,1,1.01195630102926,0.992649045138462,1.03163908755887
26.6,1,1.01521223022958,0.995460735215169,1.03535562573941
26.8,1,1.01895776547056,0.998754396071293,1.0395698200648
27,1,1.0232288838415,1.00256932119301,1.04431417019787
27.2,1,1.02806285677468,1.00694628431644,1.04962226281732
27.4,1,1.03349843057279,1.01192757121742,1.0555291073959
27.6,1,1.03957602308891,1.0175570244691,1.06207149259787
27.8,1,1.04633793799133,1.02388009728245,1.06928837017712
28,1,1.05382859825152,1.03094391035416,1.07722127589972
28.2,1,1.0620947141768,1.03879721513747,1.08591471506112
28.4,1,1.07115022834773,1.04745441059575,1.09538209976779
28.6,1,1.08092029926808,1.05683848400078,1.10555085858222
28.8,1,1.09131402036471,1.06685557263339,1.11633319597781
29,1,1.10223752814972,1.07740860636848,1.12763863336553
29.2,1,1.11359346087213,1.0883969896735,1.13937323225157
29.4,1,1.12528050112283,1.09971635480239,1.15143891484163
29.6,1,1.13719300787535,1.11125839548089,1.16373288374659
29.8,1,1.14922074455043,1.12291078682514,1.17614714828695
30,1,1.16124871056143,1.13455719438877,1.18856816954659
30.2,1,1.17315708440258,1.1460773731529,1.20087663967898
30.4,1,1.18482128665409,1.15734735603176,1.21294741288555
30.6,1,1.1961121712635,1.1682397310754,1.22464960588843
30.8,1,1.20689635308917,1.17862400690807,1.23584688464059
31,1,1.21703667892581,1.18836706681359,1.24639795162138
31.2,1,1.22639284804598,1.19733371292844,1.25615724463295
31.4,1,1.23482218666105,1.20538730284913,1.26497585387393
31.6,1,1.24218057861554,1.21239048125722,1.27270265953389
31.8,1,1.24832355207625,1.21820600867563,1.27918568745396
32,1,1.2531075189701,1.22269768810803,1.28427367563704
32.2,1,1.25639116048898,1.22573138816384,1.28781783953455
32.4,1,1.25803694815837,1.22717615857538,1.28967381893153
32.6,1,1.25791278582358,1.22690543115311,1.28970378364963
32.8,1,1.25589375352825,1.22479829670293,1.28777866886095
33,1,1.25186392975212,1.22074084686539,1.28378050315803
33.2,1,1.24571859927016,1.21462789378854,1.27760513034764
33.4,1,1.23745275737611,1.20644821596656,1.2692540852331
33.6,1,1.22727412048677,1.19639476028917,1.25895048759033
33.8,1,1.21542265814943,1.18469183642447,1.2469506351977
34,1,1.20213825361127,1.17156474505165,1.23350961771373
34.2,1,1.18765794046328,1.15723774927186,1.21887778413122
34.4,1,1.17221355880411,1.14193224873669,1.20329785673741
34.6,1,1.15602983399269,1.12586514812062,1.1870027057077
34.8,1,1.13932287069263,1.10924741488963,1.17021377400502
35,1,1.12229904655836,1.09228282930867,1.1531401172927
35.2,1,1.10515428355903,1.07516693892096,1.13597800142054
35.4,1,1.08807367049567,1.05808623671646,1.11891098413671
35.6,1,1.07123140760528,1.0412175842564,1.10211040035357
35.8,1,1.05479104309383,1.02472789728357,1.08573617205142
36,1,1.03890597181154,1.00877410279571,1.06993787337962
36.2,1,1.02372016788935,0.993503365373318,1.05485599613406
36.4,1,1.00936912581314,0.979053569228354,1.04062337768481
36.6,1,0.995980987959088,0.965554033026464,1.02736677021241
36.8,1,0.98367784091265,0.953126428270829,1.01520854526932
37,1,0.972577167839052,0.941885869364642,1.00426854056097
37.2,1,0.962793449698965,0.931942144324736,0.994666066373568
37.4,1,0.954439914182206,0.923401059288385,0.986522097436364
37.6,1,0.947630437885928,0.91636587741422,0.979961682272413
37.8,1,0.942481614562453,0.910938843912199,0.975116606042837
38,1,0.939115010332794,0.907222804589858,0.972128343964056
38.2,1,0.937659266519935,0.905322582267178,0.971150965757344
38.4,1,0.938186559525449,0.905281867493224,0.972287253373919
38.6,1,0.940637814831059,0.907011395974536,0.975510895030685
38.8,1,0.944946692208711,0.9104134630136,0.980789814070275
39,1,0.951056702530667,0.915399864305462,0.988102453035407
39.2,1,0.958919867146918,0.921891603462768,0.99743539061987
39.4,1,0.968495495490402,0.929818659233873,1.00878113755864
39.6,1,0.979749057871321,0.939119663837244,1.0221362126287
39.8,1,0.992651133598338,0.949741373981338,1.03749957623035
40,1,1.00717641727935,0.961637876536037,1.05487144410088
0,2,1.03887017689914,1.00097591573662,1.07819901306639
0.2,2,1.03728501733961,1.00115070220922,1.07472352046793
0.4,2,1.0357457477572,1.00125867957157,1.07142067867631
0.6,2,1.03425651934978,1.00129754268167,1.06830038247441
0.8,2,1.03282146510949,1.00126623724939,1.06537116613592
1,2,1.03144470195996,1.00116534135283,1.06263983505832
1.2,2,1.03013033305987,1.00099745128358,1.06011109391868
1.4,2,1.02888245027225,1.00076752984312,1.05778721322441
1.6,2,1.02770513679955,1.00048316736282,1.05566778398498
1.8,2,1.02660246998441,1.00015470668833,1.05374960926571
2,2,1.02557852427671,0.999795195794264,1.05202676896443
2.2,2,1.02463737436759,0.999420154595371,1.0504908712552
2.4,2,1.02378309849157,0.999047170658302,1.04913147601064
2.6,2,1.02301978189834,0.99869536395935,1.04793665007733
2.8,2,1.02235152049596,0.99838477618711,1.04689359893095
3,2,1.02178242466793,0.998135741609593,1.04598931772211
3.2,2,1.02131662326348,0.997968285252221,1.04521121599641
3.4,2,1.02095613541758,0.997898631306351,1.04454640756673
3.6,2,1.02069477466631,0.997929882356893,1.04397898234148
3.8,2,1.02052440317887,0.998059863064248,1.04349457986022
4,2,1.02043691434437,0.998284081601558,1.04308133861667
4.2,2,1.0204242258848,0.998596066195621,1.04272952400016
4.4,2,1.02047827361822,0.998987678052783,1.04243118289172
4.6,2,1.02059100586689,0.999449398893504,1.04217982662209
4.8,2,1.02075437850603,0.999970595912109,1.04197013942079
5,2,1.02096035065026,1.0005397694019,1.04179770707465
5.2,2,1.02120088097572,1.00114478909635,1.04165875971535
5.4,2,1.02146792467682,1.00177312483904,1.04154992310382
5.6,2,1.02175343105725,1.00241207571754,1.04146797426594
5.8,2,1.02204934175546,1.00304899940805,1.04140959972966
6,2,1.02234758960547,1.00367154032634,1.04137115777166
6.2,2,1.02264009813381,1.0042678515267,1.04134844974008
6.4,2,1.02291878169409,1.00482680157844,1.04133650923606
6.6,2,1.02317554624024,1.00533815450759,1.04132942108098
6.8,2,1.02340229073964,1.00579270903996,1.04132018384866
7,2,1.02359090922716,1.00618238343599,1.04130062968762
7.2,2,1.02373329350052,1.00650023443466,1.04126141292961
7.4,2,1.02382133645698,1.0067404029487,1.04119207485306
7.6,2,1.02384693607083,1.00689798433374,1.04108118678504
7.8,2,1.02380200001006,1.00696882606827,1.04091656870571
8,2,1.02367845088986,1.00694925928594,1.04068557690721
8.2,2,1.02346823231709,1.00683577206198,1.04037545310596
8.4,2,1.02316599995066,1.00662713506969,1.0399765980703
8.6,2,1.02277595034532,1.0063302077639,1.03949045406197
8.8,2,1.022304401996,1.00595267714039,1.03892192355539
9,2,1.02175768243744,1.00550127067287,1.03827691925373
9.2,2,1.02114212343845,1.00498198254138,1.03756211989347
9.4,2,1.0204640565816,1.00440028525222,1.03678474216431
9.6,2,1.01972980923062,1.00376132574665,1.03595232966364
9.8,2,1.01894570088625,1.00307010554611,1.03507255934948
10,2,1.01811803993132,1.00233164429221,1.03415306613965
10.2,2,1.01725312076474,1.00155112555363,1.03320128678762
10.4,2,1.01635722132394,1.00073402326885,1.03222432466433
10.6,2,1.01543660099446,0.999886206888562,1.0312288373772
10.8,2,1.01449749890546,0.999014023317986,1.03022094911859
11,2,1.01354613260904,0.998124354194008,1.02920618919902
11.2,2,1.01258869714159,0.997224647832004,1.02818945741867
11.4,2,1.01163136446467,0.996322926225021,1.02717501588187
11.6,2,1.01068028328318,0.99542776859535,1.02616650574133
11.8,2,1.0097415792383,0.994548273985553,1.0251669863714
12,2,1.00882135547271,0.993694006050327,1.02417899379606
12.2,2,1.00792569356584,0.992874923440812,1.02320461496754
12.4,2,1.00706065483667,0.992101298890936,1.02224557477527
12.6,2,1.00623228201221,0.991383629308053,1.02130333347363
12.8,2,1.00544660125974,0.990732537849943,1.0203791935396
13,2,1.00470962458129,0.990158667133514,1.01947441681099
13.2,2,1.00402735209133,0.989672559492862,1.01859035504035
13.4,2,1.00340401689101,0.989281552774816,1.01772808589123
13.6,2,1.00283813292373,0.988982899018402,1.01688747282094
13.8,2,1.00232706702406,0.988771378937255,1.01606859855599
14,2,1.0018682004734,0.988641357855807,1.01527200247494
14.2,2,1.00145892762413,0.988586881891655,1.01449857578424
14.4,2,1.00109665459389,0.98860176107135,1.01374947051784
14.6,2,1.00077879802915,0.988679644506632,1.01302601722367
14.8,2,1.00050278393717,0.988814092096599,1.01232964686373
15,2,1.00026604658572,0.98899864670493,1.01166181297186
15.2,2,1.00006602746987,0.989226910303153,1.01102391057364
15.4,2,0.999900174345289,0.989492627062962,1.01041718888131
15.6,2,0.999765940327551,0.98978977569438,1.00984265546471
15.8,2,0.999660783057085,0.990112672323874,1.00930097060248
16,2,0.999582163929315,0.990456083762527,1.00879233196287
16.2,2,0.999527547389745,0.990815349061996,1.00831635171656
16.4,2,0.999494400293716,0.991186504848772,1.00787193059183
16.6,2,0.999480191330627,0.991566407305801,1.00745713600423
16.8,2,0.999482390512462,0.991952841298309,1.00706909376561
17,2,0.999498468726495,0.992344605662796,1.00670390435525
17.2,2,0.999525897352081,0.992741563762082,1.00635659465237
17.4,2,0.999562147941474,0.993144650479659,1.0060211139584
17.6,2,0.999604691964639,0.99355583077533,1.00569037918884
17.8,2,0.999651000618037,0.993978009931833,1.00535636910637
18,2,0.999698544697376,0.994414900182587,1.0050102629059
18.2,2,0.999744794927717,0.994870850019109,1.00464261764817
18.4,2,0.999787773174801,0.995349945266379,1.00424538740726
18.6,2,0.999827149665344,0.995853883472839,1.00381626842869
18.8,2,0.999862901297448,0.996382923222402,1.00335503358261
19,2,0.999895005005231,0.996936381761826,1.00286240859978
19.2,2,0.999923437759664,0.997512811444837,1.00233988968311
19.4,2,0.999948176569401,0.998110145772265,1.00178959212044
19.6,2,0.999969198481629,0.998725819320427,1.00121412560695
19.8,2,0.999986480582902,0.999356866027745,1.00061649180766
20,2,1,1,1
20.2,2,1.00000973390078,0.999368197138027,1.00065168249315
20.4,2,1.00001565949504,0.998724809212734,1.00130817819935
20.6,2,1.00001775403536,0.998073691268847,1.00196560347622
20.8,2,1.00001599481801,0.997418783842357,1.00261996875518
21,2,1.00001035918378,0.996764073894906,1.00326721705293
21.2,2,1.0000008245189,0.996113558540197,1.0039032602909
21.4,2,0.999987368255856,0.99547120998677,1.00452401499845
21.6,2,0.99996996787435,0.994840940162634,1.00512543893415
21.8,2,0.999948600902136,0.994226563439369,1.00570357020753
22,2,0.999923244915933,0.99363175573096,1.00625457062579
22.2,2,0.999893877542319,0.993060007995817,1.00677477523677
22.4,2,0.999860476458633,0.99251457180385,1.00726075040605
22.6,2,0.999823019393877,0.991998394124967,1.00770936327137
22.8,2,0.999781484129628,0.991514037830095,1.00811786608283
23,2,0.999735848500953,0.991063583554978,1.00848399977808
23.2,2,0.999686096792962,0.9906485115801,1.00880613097286
23.4,2,0.999636676218891,0.990272406750422,1.00908949661747
23.6,2,0.999604298641775,0.989946220440053,1.00935660264347
23.8,2,0.999607763159353,0.989682312572709,1.00963275535455
24,2,0.999665871990872,0.989493280371701,1.00994304402742
24.2,2,0.999797438987285,0.989392075786916,1.01031223462195
24.4,2,1.00002130168309,0.989392123201233,1.01076467092163
24.6,2,1.0003563368999,0.989507434587733,1.01132418594988
24.8,2,1.00082147991908,0.989752717576167,1.01201402823158
25,2,1.00143574725,0.990143471154188,1.01285680821703
25.2,2,1.00221826303157,0.990696063984781,1.0138744699499
25.4,2,1.00318828911773,0.991427791497595,1.01508829190955
25.6,2,1.00436525891245,0.992356909792309,1.01651891910683
25.8,2,1.00576881503734,0.993502646620823,1.0181864263193
26,2,1.00741885093353,0.994885191867931,1.02011041023812
26.2,2,1.00933555652143,0.996525671639399,1.02231010665531
26.4,2,1.01153946806565,0.998446111031429,1.0248045279054
26.6,2,1.01405152241842,1.00066939080929,1.02761261567867
26.8,2,1.01689311584402,1.00321920264024,1.03075340496826
27,2,1.02008616765856,1.00612000638926,1.03424619612001
27.2,2,1.023653188954,1.00939699151499,1.03811073350136
27.4,2,1.02761735671403,1.01307604299437,1.04236739099929
27.6,2,1.03200259367096,1.01718371059398,1.04703736626068
27.8,2,1.03683365429905,1.0217471787629,1.05214288723433
28,2,1.04213621738994,1.02679423295654,1.05770743615169
28.2,2,1.04793692894047,1.03235315843869,1.06375594248972
28.4,2,1.05424039132383,1.03842894135449,1.0702925914689
28.6,2,1.06099284383169,1.0449659993358,1.07726549512384
28.8,2,1.06813031143092,1.05189791950256,1.08461319396567
29,2,1.0755873631264,1.05915665389236,1.09227296213991
29.2,2,1.08329688395222,1.06667245252471,1.1001804124621
29.4,2,1.09118988819951,1.07437382437111,1.10826915650689
29.6,2,1.09919537571827,1.08218753036941,1.11647051928974
29.8,2,1.10724023343397,1.0900386100607,1.12471331127127
30,2,1.11524918444414,1.09785044149635,1.1329236628152
30.2,2,1.12314478719967,1.10554483279169,1.1410249277982
30.4,2,1.13084748732372,1.11304214311319,1.14893766377032
30.6,2,1.13827572457143,1.12026143094414,1.15657969591672
30.8,2,1.14534609727859,1.12712062806911,1.16386627117152
31,2,1.15197358638153,1.13353673865851,1.17071030736174
31.2,2,1.15807184070736,1.13942606387852,1.17702274044375
31.4,2,1.16355352472957,1.14470445334866,1.182712970977
31.6,2,1.16833072935604,1.1492875853135,1.18768940916149
31.8,2,1.17231544556406,1.1530912774633,1.19186011616657
32,2,1.17542009982257,1.15603182991066,1.19513353812556
32.2,2,1.17755814925105,1.15802640098984,1.19741932798968
32.4,2,1.17864473336547,1.15899341546597,1.19862924927114
32.6,2,1.17859737806796,1.15885300367435,1.19867815433391
32.8,2,1.17733674626533,1.15752746937736,1.19748502802464
33,2,1.17478742817333,1.15494178412843,1.19497408472032
33.2,2,1.17087897677235,1.1510243152524,1.19107612244217
33.4,2,1.16560209189576,1.14576135556148,1.18578640310833
33.6,2,1.15908142963142,1.13926873193974,1.17923868429972
33.8,2,1.15146167958332,1.13168191607946,1.17158715776081
34,2,1.14288763745705,1.12313719713771,1.16298539054797
34.2,2,1.13350300842193,1.11377095221742,1.15358464641549
34.4,2,1.12344937740835,1.10371895623328,1.14353250569019
34.6,2,1.11286534766394,1.09311572115427,1.13297179618223
34.8,2,1.10188584585892,1.08209385945631,1.12203983664992
35,2,1.0906415895294,1.07078347481224,1.11086798105452
35.2,2,1.07925871067971,1.05931159212479,1.09958143877352
35.4,2,1.0678585279139,1.04780164626048,1.08829933576469
35.6,2,1.05655745850881,1.03637305223213,1.0771349763739
35.8,2,1.04546706134316,1.02514087836415,1.06619626572462
36,2,1.0346942015213,1.01421563877626,1.0555862577248
36.2,2,1.02434132783858,1.00370321386466,1.04540380206412
36.4,2,1.01450685488824,0.99370489913685,1.03574427328398
36.6,2,1.00528564257228,0.984317575272926,1.02670037450235
36.8,2,0.996769567019824,0.975633986600387,1.01836301664616
37,2,0.989048178411536,0.967743111714262,1.01082228060127
37.2,2,0.98220944294019,0.960730608857656,1.00416847439469
37.4,2,0.976340568098223,0.954679319946738,0.99849330031318
37.6,2,0.971528912674746,0.949669820999479,0.993891147524938
37.8,2,0.967862985281103,0.945781013746553,0.990460523801843
38,2,0.965433537932418,0.943090764206635,0.988305634557659
38.2,2,0.964334506284756,0.941676352279593,0.987537849665948
38.4,2,0.964618047712851,0.941569333337076,0.988230972514312
38.6,2,0.966241928932356,0.942704585390188,0.990366950257797
38.8,2,0.969156297487778,0.945008782071087,0.993920846853635
39,2,0.973315945749943,0.948413627246862,0.998872119753423
39.2,2,0.978679643169633,0.952856136519865,1.00520299680588
39.4,2,0.985209516868429,0.958278874393574,1.01289699487779
39.6,2,0.992870472907225,0.964630024058853,1.02193768738726
39.8,2,1.00162965162198,0.971863202940889,1.0323077939081
40,2,1.01145591134647,0.979936998566518,1.04398860548612
0,3,1.03724032158925,1.00923241682064,1.06602549303743
0.2,3,1.03603056792074,1.0095152226375,1.06324234998841
0.4,3,1.03485021864675,1.00973404493934,1.06059113327962
0.6,3,1.03370197751793,1.00988470378159,1.05808096144367
0.8,3,1.03258853865747,1.00996387311614,1.05572002974423
1,3,1.03151258745055,1.00996949153502,1.05351520712944
1.2,3,1.03047680150427,1.00990122478204,1.05147158195362
1.4,3,1.02948385167772,1.00976093665041,1.04959199984592
1.6,3,1.02853640318229,1.00955310366524,1.04787665832578
1.8,3,1.0276371167519,1.00928509690885,1.04632283480703
2,3,1.02678864988341,1.00896726043352,1.04492481854803
2.2,3,1.02599365814713,1.00861274396084,1.04367408885228
2.4,3,1.02525479656772,1.00823709258273,1.04255973680998
2.6,3,1.02457472107581,1.00785764348707,1.04156908056534
2.8,3,1.02395609003074,1.00749281239643,1.0406883914309
3,3,1.02340156581485,1.00716135987596,1.03990364070489
3.2,3,1.022913816498,1.00688171051722,1.03920119419491
3.4,3,1.02249410777413,1.00666909188606,1.03856789570643
3.6,3,1.02213827265399,1.00652813824787,1.03799050292104
3.8,3,1.02184084846322,1.00645881021049,1.03745797542341
4,3,1.02159638946992,1.00645876135675,1.03696169485483
4.2,3,1.02139946393043,1.00652369240364,1.0364950897738
4.4,3,1.02124465142667,1.00664766960885,1.03605329804501
4.6,3,1.02112654049328,1.00682340681315,1.03563286733686
4.8,3,1.02103972653302,1.00704251646627,1.03523148835547
5,3,1.02097881001927,1.00729573816639,1.03484775226575
5.2,3,1.02093839498478,1.00757315458236,1.03448092241615
5.4,3,1.02091308779608,1.0078644046197,1.03413071049633
5.6,3,1.02089749621297,1.0081589024567,1.03379704849522
5.8,3,1.0208862287331,1.00844606848339,1.033479850424
6,3,1.02087389422116,1.00871557401395,1.03317876193301
6.2,3,1.02085510182297,1.00895759587296,1.0328929017243
6.4,3,1.0208244611641,1.00916306999487,1.03262060562349
6.6,3,1.02077658283319,1.00932392612333,1.03235919122884
6.8,3,1.02070607914985,1.00943328031588,1.0321047664363
7,3,1.02060756521683,1.0094855602498,1.03185210684943
7.2,3,1.02047566025634,1.00947654169643,1.0315946237102
7.4,3,1.02030498922975,1.00940328291854,1.03132443559839
7.6,3,1.02009018474032,1.00926395520368,1.03103254568676
7.8,3,1.01982588921757,1.00905757896777,1.03070911511544
8,3,1.01950675738237,1.0087836824514,1.03034381545756
8.2,3,1.0191274591074,1.008441901991,1.02992624151785
8.4,3,1.01868466642089,1.00803335705332,1.02944852205535
8.6,3,1.01818209666196,1.00756465494392,1.02891142208699
8.8,3,1.01762502623844,1.00704251426956,1.02831874459433
9,3,1.01701872953313,1.00647255628669,1.02767540929011
9.2,3,1.01636847623815,1.00585956997306,1.02698717626988
9.4,3,1.01567952896051,1.00520775628662,1.02626039154367
9.6,3,1.0149571410991,1.0045209518145,1.02550175425141
9.8,3,1.01420655499278,1.00380283255036,1.02471810482635
10,3,1.01343300033896,1.00305709788481,1.02391623402277
10.2,3,1.01264169288194,1.00228763374009,1.02310271387497
10.4,3,1.01183783337003,1.0014986526713,1.02228375276205
10.6,3,1.01102660678014,1.00069480810164,1.02146507740604
10.8,3,1.01021318180868,0.999881279915361,1.02065184457339
11,3,1.00940271062729,0.999063829473176,1.01984858440828
11.2,3,1.00860032890198,0.998248823613557,1.01905917582627
11.4,3,1.00781115607412,0.997443229064762,1.01828685253575
11.6,3,1.00704029590204,0.996654580525674,1.01753423642079
11.8,3,1.0062928372616,0.995890927101299,1.01680339359192
12,3,1.00557385520461,0.995160762529077,1.01609590766147
12.2,3,1.00488841227387,0.994472944592838,1.01541296484012
12.4,3,1.00424156007386,0.993836608332711,1.01475544624127
12.6,3,1.00363834109625,0.99326107626055,1.01412402417972
12.8,3,1.00308379079977,0.992755766940339,1.01351926110312
13,3,1.00258293994404,0.992330101091013,1.01294171199857
13.2,3,1.00214081668131,0.991993400988964,1.01239203351299
13.4,3,1.00176062338988,0.991751825567188,1.01187043038772
13.6,3,1.00143962846326,0.991601547667205,1.01137531684573
13.8,3,1.00117390897283,0.991536337621579,1.01090515594447
14,3,1.00095955568965,0.991549597547514,1.01045881578143
14.2,3,1.00079267101395,0.991634442118728,1.01003548063058
14.4,3,1.00066936705889,0.991783764982717,1.00963457713737
14.6,3,1.00058576388727,0.991990296328691,1.00925571006004
14.8,3,1.00053798790025,0.992246656317034,1.00889860284057
15,3,1.00052217037715,0.992545408589947,1.0085630387816
15.2,3,1.00053444616581,0.992879117786119,1.0082487989036
15.4,3,1.00057095252283,0.993240414749508,1.00795559279061
15.6,3,1.00062782810339,0.993622072786981,1.0076829790692
15.8,3,1.00070121210039,0.994017097679763,1.0074302728159
16,3,1.00078724353271,0.994418832940848,1.00719643840189
16.2,3,1.00088206068243,0.994821079795461,1.00697996829931
16.4,3,1.00098180068126,0.995218228412972,1.00677875132261
16.6,3,1.00108259924584,0.99560539316459,1.00658993753275
16.8,3,1.00118059056232,0.99597854066869,1.00640981104446
17,3,1.0012719073201,0.996334596141567,1.00623368522072
17.2,3,1.00135268089498,0.996671512425056,1.00605583588501
17.4,3,1.0014190416817,0.996988288153746,1.00586948608974
17.6,3,1.00146711957593,0.997284927123296,1.00566685038018
17.8,3,1.00149304460585,0.997562338915349,1.00543923849857
18,3,1.00149294771315,0.997822188774106,1.00517721053229
18.2,3,1.0014629626695,0.998066709749677,1.00487077246602
18.4,3,1.00140060892038,0.998298848534255,1.00451200661852
18.6,3,1.00130754184016,0.998522305454471,1.00410054724781
18.8,3,1.00118618769415,0.998740004535957,1.00363836221348
19,3,1.00103897411529,0.99895401060694,1.00312828924823
19.2,3,1.00086832944904,0.999165701592482,1.00257385866782
19.4,3,1.00067668215691,0.999375909310854,1.00197914806959
19.6,3,1.00046646027874,0.999585033327942,1.00134866446553
19.8,3,1.00024009095367,0.999793132691762,1.0006872490286
20,3,1,1,1
20.2,3,0.999748611553752,0.999292209906833,1.00020522165067
20.4,3,0.999488347766021,0.998569313869291,1.00040822749618
20.6,3,0.999221628559015,0.997836846338003,1.00060833255893
20.8,3,0.998950871440709,0.997100404060651,1.00080477300805
21,3,0.998678491378023,0.996365613424933,1.00099673824826
21.2,3,0.998406900728429,0.995638100566672,1.00118340073045
21.4,3,0.998138509229878,0.994923462773825,1.00136394495114
21.6,3,0.997875724048932,0.994227239763837,1.00153759706152
21.8,3,0.997620949886997,0.993554883363024,1.00170365655562
22,3,0.997376589144552,0.992911723966429,1.00186153165743
22.2,3,0.997145042143285,0.992302931892103,1.00201078029168
22.4,3,0.996928707406037,0.991733471345062,1.00215115892208
22.6,3,0.996729981994517,0.991208044146456,1.00228268210059
22.8,3,0.99655126190472,0.990731019631835,1.00240569632405
23,3,0.996394942520041,0.990306346150526,1.00252097276635
23.2,3,0.996263420649144,0.989937438019761,1.00262982811215
23.4,3,0.996160159087023,0.989626820103577,1.00273663000405
23.6,3,0.996091549726237,0.989375976955473,1.00285270569155
23.8,3,0.996064484583553,0.989186334937542,1.00299046034774
24,3,0.996085859596228,0.989059510244333,1.0031621246354
24.2,3,0.996162577737758,0.988997416996108,1.00337964915943
24.4,3,0.996301552613281,0.989002378995518,1.00365459661259
24.6,3,0.996509712536732,0.989077240836795,1.0039980359268
24.8,3,0.996794005092529,0.989225471694463,1.00442044510485
25,3,0.997161402185464,0.989451253923167,1.0049316306043
25.2,3,0.997618905583378,0.989759548829323,1.00554067091804
25.4,3,0.998173552958238,0.990156133677118,1.00625589029596
25.6,3,0.998832424432383,0.990647606872192,1.00708486567432
25.8,3,0.999602649637939,0.991241361712324,1.00803446643621
26,3,1.00049141529872,0.991945532340706,1.00911092338347
26.2,3,1.00150597334545,0.992768917907701,1.01031992093437
26.4,3,1.00265364957658,0.993720892050111,1.01166670546215
26.6,3,1.0039418528789,0.994811304598531,1.01315620289283
26.8,3,1.00537808502352,0.996050381180447,1.01479313992898
27,3,1.00696995105535,0.997448624503114,1.01658216515517
27.2,3,1.00872517029556,0.999016718975156,1.01852796841241
27.4,3,1.01065158797933,1.00076543825286,1.0206353989086
27.6,3,1.01275718755324,1.00270555342847,1.02290958440764
27.8,3,1.01505010365915,1.00484773793968,1.02535605548658
28,3,1.01753863583427,1.0072024638167,1.02798088032071
28.2,3,1.02023123944171,1.0097798569114,1.03079079544769
28.4,3,1.02312699449557,1.01257918658375,1.03378467653201
28.6,3,1.02620079042305,1.01557281292079,1.03693998979375
28.8,3,1.02942350437683,1.01872839789207,1.04023089329423
29,3,1.03276570372954,1.02201312453387,1.04363141059116
29.2,3,1.03619760683646,1.02539381920957,1.04711522568107
29.4,3,1.03968905232814,1.0288370702218,1.05065549912383
29.6,3,1.04320947710599,1.03230934476578,1.05422470371094
29.8,3,1.04672790323578,1.03577710292335,1.05779448138029
30,3,1.05021293394823,1.03920690494038,1.06133552557122
30.2,3,1.05363275896307,1.04256550655653,1.06481749470764
30.4,3,1.05695516935261,1.0458199367862,1.06820896286813
30.6,3,1.06014758215181,1.04893755328204,1.07147741295533
30.8,3,1.06317707490577,1.05188607205074,1.07458927600542
31,3,1.06601043031987,1.05463357045576,1.07751001806216
31.2,3,1.0686141911446,1.05714846464067,1.08020427377131
31.4,3,1.07095472538431,1.05939946425958,1.08263602400874
31.6,3,1.07299830186791,1.06135550836074,1.08476881378759
31.8,3,1.07471117615961,1.06298568629077,1.08656600654022
32,3,1.07605968671876,1.06425914664146,1.08799107156874
32.2,3,1.07701036114044,1.06514499578779,1.08900790276534
32.4,3,1.07753003222314,1.06561218581322,1.08958116827158
32.6,3,1.07758596351611,1.06562939000912,1.08967669215374
32.8,3,1.07714598389876,1.06516486317471,1.08926186991481
33,3,1.07617863063727,1.06418628429404,1.08830611908197
33.2,3,1.07465338601569,1.06266066435532,1.0867814522669
33.4,3,1.07256309664205,1.06057572700743,1.08468595592357
33.6,3,1.06995353875666,1.05796918677928,1.08207364581472
33.8,3,1.06687824283148,1.0548863737795,1.07900643454999
34,3,1.06339082014216,1.05137350058019,1.07554549904349
34.2,3,1.05954475030544,1.04747799715436,1.07175051022516
34.4,3,1.05539319461158,1.04324875049191,1.06767901203547
34.6,3,1.05098883533134,1.03873621347745,1.06338598544982
34.8,3,1.04638374094346,1.03399236029408,1.05892362009274
35,3,1.04162925702983,1.02907048789132,1.05434129330032
35.2,3,1.03677592242145,1.02402488757305,1.04968573162356
35.4,3,1.03187341004891,1.01891042934153,1.04500131091413
35.6,3,1.02697049185567,1.01378210898696,1.04033044358631
35.8,3,1.0221150270693,1.0086946035278,1.03571400591128
36,3,1.01735397309545,1.00370186794393,1.03119177081267
36.2,3,1.01273341829793,0.998856790175975,1.02680282761728
36.4,3,1.00829863595706,0.99421090626203,1.02258598539747
36.6,3,1.00409415875413,0.989814165515043,1.01858016865171
36.8,3,1.00016387321214,0.98571472727756,1.01482482263556
37,3,0.996551133630904,0.9819587654404,1.01136035126245
37.2,3,0.99329889518658,0.9785902537733,1.00822861394187
37.4,3,0.990449866022291,0.975650703868021,1.00547350933524
37.6,3,0.988046678336585,0.973178828896607,1.00314167302511
37.8,3,0.98613207868095,0.971210112905877,1.00128331004916
38,3,0.984749137906922,0.969776281845049,0.999953167305208
38.2,3,0.983941368032368,0.968904586779643,0.999211510540192
38.4,3,0.983732635329137,0.968596054611113,0.999105760553761
38.6,3,0.984103848599211,0.968802555751438,0.99964681046553
38.8,3,0.985031225370778,0.969469609566071,1.00084263125045
39,3,0.986491862407201,0.970544250975103,1.00270151888272
39.2,3,0.988463604703947,0.971977131206079,1.0052297183288
39.4,3,0.990924921952273,0.973724506780854,1.00842917489301
39.6,3,0.993854791832851,0.975749607006324,1.01229592116322
39.8,3,0.997232589588768,0.978023030081131,1.01681944816312
40,3,1.00103798340704,0.980522146990625,1.02198308044257
0,4,1.03116478247832,1.00127747710794,1.06194419921914
0.2,4,1.03067430657306,1.00229498045628,1.05985717472741
0.4,4,1.03019127316723,1.00322571341833,1.05788163632065
0.6,4,1.02971639384207,1.00406346531514,1.05602473187721
0.8,4,1.02925037902984,1.00480298984381,1.05429258614938
1,4,1.02879393807298,1.00544041426688,1.0526898978767
1.2,4,1.02834777928826,1.00597368494916,1.05121950105538
1.4,4,1.0279126100357,1.00640300475658,1.04988193484773
1.6,4,1.02748913679243,1.00673120119522,1.04867508325266
1.8,4,1.02707806523145,1.0069639572758,1.04759395255162
2,4,1.02668010030522,1.00710984650799,1.04663064512534
2.2,4,1.02629594633414,1.00718014088283,1.04577456078378
2.4,4,1.02592630709987,1.00718840024546,1.04501281720785
2.6,4,1.02557188594356,1.00714989073609,1.04433084182645
2.8,4,1.02523338586889,1.00708090576492,1.04371306166492
3,4,1.02491150965,1.00699806769621,1.04314361299244
3.2,4,1.02460695994357,1.00691767312913,1.04260700788214
3.4,4,1.02431996062404,1.00685377133129,1.04208914105323
3.6,4,1.0240488872575,1.00681342529942,1.04157940005762
3.8,4,1.02379167165259,1.00679990672785,1.04107020664289
4,4,1.0235462483061,1.00681418738008,1.04055637629389
4.2,4,1.02331055414486,1.00685528725543,1.0400347532352
4.4,4,1.02308252830929,1.00692059196777,1.03950387754633
4.6,4,1.02286011197849,1.00700613806222,1.03896368565332
4.8,4,1.02264124823673,1.0071068705236,1.03841523993521
5,4,1.02242388198148,1.00721687968565,1.03786048022977
5.2,4,1.02220595987264,1.00732962592248,1.03730198885222
5.4,4,1.0219854303231,1.00743816033264,1.03674276091332
5.6,4,1.02176024353047,1.00753534826471,1.03618597308523
5.8,4,1.02152835154995,1.00761409995266,1.03563474654572
6,4,1.02128770840833,1.00766760867798,1.03509190368276
6.2,4,1.02103627025891,1.00768959186835,1.03455972314978
6.4,4,1.02077199557739,1.00767452485462,1.0340397035495
6.6,4,1.02049284539861,1.00761785159114,1.03353235144183
6.8,4,1.02019678359398,1.00751615284452,1.03303701317047
7,4,1.01988177718957,1.00736725156719,1.0325517707918
7.2,4,1.01954579672469,1.00717023825663,1.03207341930424
7.4,4,1.01918681665077,1.00692540583778,1.03159753563916
7.6,4,1.01880281577044,1.00663409248641,1.03111864099296
7.8,4,1.01839177771659,1.00629843942669,1.03063044946352
8,4,1.01795169147118,1.00592107663136,1.03012619005774
8.2,4,1.01748055198142,1.00550475098998,1.02959898761405
8.4,4,1.0169773471441,1.00505273766533,1.02904343806547
8.6,4,1.01644456393138,1.00457035193225,1.02845913136736
8.8,4,1.01588546015106,1.00406230780388,1.02784783386961
9,4,1.01530328876331,1.00353227050293,1.02721237619691
9.2,4,1.01470129709505,1.00298310611042,1.02655639566976
9.4,4,1.0140827261582,1.0024171124822,1.02588409823331
9.6,4,1.01345081007137,1.00183623143505,1.02520003989384
9.8,4,1.01280877558484,1.00124224270622,1.02450892715945
10,4,1.01215984170838,1.00063693970402,1.02381543646605
10.2,4,1.01150721944149,1.00002228613929,1.02312405349709
10.4,4,1.0108541116058,0.999400551693804,1.02243893423768
10.6,4,1.01020371277898,0.99877442427778,1.02176379020757
10.8,4,1.00955920932982,0.998147096376821,1.02110180036819
11,4,1.00892377955404,0.99752232357235,1.0204555516153
11.2,4,1.00830059391031,0.996904454470153,1.01982700861763
11.4,4,1.00769281535617,0.996298432781325,1.01921751225249
11.6,4,1.00710359978325,0.995709773870795,1.01862780431839
11.8,4,1.00653609655163,0.995144519407438,1.01805807488611
12,4,1.00599344912292,0.994609174562918,1.01750802783713
12.2,4,1.00547879579169,0.994110632370722,1.0169769599745
12.4,4,1.00499527051524,0.993656089349614,1.01646384959921
12.6,4,1.00454600384139,0.99325295538422,1.01596745155755
12.8,4,1.00413412393426,0.992908759240435,1.01548639738112
13,4,1.00376275769814,0.992631049042051,1.01501930119364
13.2,4,1.00343503165103,0.992427283864614,1.01456487454034
13.4,4,1.00315279120047,0.992302302441062,1.01412192637038
13.6,4,1.00291371475715,0.99225271083744,1.01368926309013
13.8,4,1.00271464213667,0.992273046472658,1.01326611372686
14,4,1.00255242068638,0.992357456157473,1.01285212297999
14.2,4,1.00242390408172,0.992499781859874,1.01244725877058
14.4,4,1.00232595122207,0.992693632704592,1.01205173418514
14.6,4,1.00225542522592,0.99293244851097,1.01166593850487
14.8,4,1.00220919252464,0.99320955944451,1.01129037274133
15,4,1.0021841220547,0.993518245866998,1.0109255855911
15.2,4,1.00217708454795,0.993851802118222,1.01057210607498
15.4,4,1.00218495191988,0.994203607625313,1.01023036946489
15.6,4,1.00220459675558,0.994567208259349,1.00990063357899
15.8,4,1.00223289189338,0.994936410057332,1.00958288332728
16,4,1.00226671010616,0.9953053861015,1.00927672271693
16.2,4,1.00230292388014,0.995668795332267,1.00898125554233
16.4,4,1.00233840529136,0.996021909323737,1.00869495873255
16.6,4,1.00237002597973,0.996360739768168,1.00841555561131
16.8,4,1.00239465722071,0.996682156135209,1.00813989960538
17,4,1.00240917009461,0.996983980572662,1.00786388133598
17.2,4,1.00241043575359,0.997265046633506,1.00758237250942
17.4,4,1.00239532578629,0.997525210637647,1.00728921779923
17.6,4,1.00236071268008,0.997765309452682,1.00697728093559
17.8,4,1.00230347038081,0.997987065179485,1.00663854451534
18,4,1.00222047495003,0.9981929436288,1.00626425664514
18.2,4,1.00210860620894,0.998385977143394,1.00584511564488
18.4,4,1.00196599483781,0.998569740324633,1.00537380041672
18.6,4,1.00179450206299,0.998748034113015,1.00485026261396
18.8,4,1.0015966835424,0.998923788942057,1.00427673020542
19,4,1.00137509514212,0.999099077821214,1.00365629738909
19.2,4,1.0011322922992,0.999275285614576,1.00299274995861
19.4,4,1.00087082944935,0.999453247866682,1.00229042166889
19.6,4,1.00059325951982,0.99963336359551,1.00155407718226
19.8,4,1.00030213348714,0.999815686666296,1.00078881698211
20,4,1,1,1
20.2,4,0.999689405067033,0.999193180265835,1.00018587630611
20.4,4,0.999372891809392,0.998374054476657,1.00037272844295
20.6,4,0.999053000278127,0.997548417903668,1.00055985198416
20.8,4,0.998732267336145,0.996722126485891,1.00074646214099
21,4,0.998413226604652,0.995901063285411,1.00093172686315
21.2,4,0.998098408473935,0.995091107706021,1.00111479771409
21.4,4,0.997790340178326,0.994298106009755,1.00129483998375
21.6,4,0.997491545935228,0.99352784170781,1.00147106346001
21.8,4,0.997204547148059,0.992786004353301,1.00164275532926
22,4,0.996931862672985,0.992078155117528,1.00180931682231
22.2,4,0.996676009149366,0.991409687277557,1.00197030547655
22.4,4,0.9964395013938,0.990785779363194,1.00212548526492
22.6,4,0.996224852857726,0.990211338182826,1.00227488737173
22.8,4,0.996034576148566,0.989690928244176,1.00241888509934
23,4,0.995871183614389,0.989228683186099,1.00255828729033
23.2,4,0.995737187627524,0.988828191414521,1.00269445737185
23.4,4,0.995634847223338,0.988490787570235,1.00283053870647
23.6,4,0.995565724123445,0.988213043508478,1.00297311147658
23.8,4,0.995531263756423,0.987990860573523,1.00312921573095
24,4,0.995532914871335,0.987820351771545,1.00330569502321
24.2,4,0.995572130053355,0.987697945238756,1.00350908991653
24.4,4,0.995650366261246,0.987620489392525,1.0037455302754
24.6,4,0.995769085386899,0.987585355759467,1.00402063034819
24.8,4,0.995929754837167,0.98759053339604,1.00433939272306
25,4,0.996133848138249,0.987634707845072,1.0047061282119
25.2,4,0.99638284556291,0.987717317859721,1.00512439842939
25.4,4,0.996678234780821,0.98783858466399,1.00559698629681
25.6,4,0.997021511532386,0.987999511032206,1.00612589718774
25.8,4,0.997414180326387,0.988201850443816,1.00671239045885
26,4,0.997857755161848,0.988448049380417,1.00735703829937
26.2,4,0.998353760274542,0.988741167927211,1.00805980673771
26.4,4,0.998903730908573,0.989084784890851,1.00882015259509
26.6,4,0.999509214113543,0.989482893599268,1.00963713022255
26.8,4,1.0001717695678,0.989939793592618,1.01050950281532
27,4,1.0008929704283,0.990459981863874,1.01143585464967
27.2,4,1.00167440420776,0.991048045492358,1.01241470240376
27.4,4,1.00251767367958,0.991708555692612,1.01344460554542
27.6,4,1.00342439781133,0.992445961626954,1.01452427744523
27.8,4,1.00439621272744,0.993264480854309,1.0156527003498
28,4,1.00543477270187,0.994167981992067,1.01682924864716
28.2,4,1.00654174344882,0.995159844093359,1.01805382051764
28.4,4,1.00771566967082,0.996238810741664,1.01932474417866
28.6,4,1.0089471447556,0.997392864236168,1.02063527563942
28.8,4,1.01022548527259,0.998608019599774,1.02197810458528
29,4,1.01153996031565,0.999870089451593,1.02334603475997
29.2,4,1.01287978706048,1.00116484071379,1.02473181369837
29.4,4,1.01423412746802,1.0024781359369,1.026127980696
29.6,4,1.01559208614338,1.00379606121931,1.02752673106147
29.8,4,1.01694270936064,1.00510504000029,1.02891979739894
30,4,1.01827498526439,1.00639193008797,1.03029835058848
30.2,4,1.01957784525895,1.00764410021255,1.03165292420568
30.4,4,1.02084016659589,1.0088494822063,1.03297336631078
30.6,4,1.02205077617013,1.00999659555356,1.03424882189573
30.8,4,1.02319845553352,1.01107454234227,1.03546774798704
31,4,1.02427194713393,1.01207297228662,1.03661796176136
31.2,4,1.02525996178574,1.01298201911554,1.03768672040071
31.4,4,1.02615118737587,1.01379221089049,1.03866083013993
31.6,4,1.02693429880675,1.01449435748067,1.03952678128701
31.8,4,1.027597969175,1.01507941837896,1.04027090603306
32,4,1.02813088218126,1.01553835333287,1.04087955656791
32.2,4,1.02852174576309,1.01586195705882,1.0413393022122
32.4,4,1.02875930693874,1.0160406778556,1.04163714571622
32.6,4,1.02883236784562,1.01606441854353,1.0417607602519
32.8,4,1.02872980295216,1.01592231719896,1.04169874956565
33,4,1.02844057741731,1.01560250510708,1.04144093379026
33.2,4,1.02795379535489,1.01509186733472,1.04097869305073
33.4,4,1.02726620276429,1.01438274294544,1.04031329267055
33.6,4,1.02639216812226,1.01348276789427,1.03946600391789
33.8,4,1.0253486052162,1.01240196746711,1.03846080509812
34,4,1.02415245062754,1.01115098291318,1.03732109235011
34.2,4,1.02282063752773,1.00974149747467,1.03606919114352
34.4,4,1.02137007221744,1.00818657515006,1.03472596256917
34.6,4,1.01981761342203,1.00650088782621,1.03331052880838
34.8,4,1.01818005434671,1.00470081295912,1.03184013558835
35,4,1.01647410748585,1.00280439714539,1.03033015624019
35.2,4,1.01471639217339,1.00083119670986,1.02879422616946
35.4,4,1.01292342485501,0.998802019979846,1.02724448298643
35.6,4,1.0111116120578,0.99673860346813,1.02569187997826
35.8,4,1.00929724602924,0.99466325441931,1.02414654036549
36,4,1.00749650301475,0.992598486221955,1.02261812573426
36.2,4,1.00572544414181,0.99056666362967,1.0211162015971
36.4,4,1.0040000188783,0.9885896642887,1.01965059348755
36.6,4,1.00233607103382,0.986688553717033,1.01823173635765
36.8,4,1.00074934727476,0.984883263608893,1.01687102733484
37,4,0.999255508127178,0.983192258395204,1.01558119685798
37.2,4,0.997870141445859,0.981632172351979,1.01437671587657
37.4,4,0.996608778333426,0.980217399424845,1.01327425694956
37.6,4,0.995486911499766,0.978959621233222,1.01229322381955
37.8,4,0.994520016059767,0.977867267416156,1.01145635537731
38,4,0.993723572775948,0.976944919840342,1.01079039261699
38.2,4,0.993113055272055,0.97619265758754,1.01032673508236
38.4,4,0.992697058033782,0.975597768632156,1.01009604645835
38.6,4,0.992469352729576,0.975127339457025,1.010119782567
38.8,4,0.992421891378056,0.974745777214284,1.01041854554234
39,4,0.992546728662419,0.974418814299325,1.01101189152106
39.2,4,0.992836007839713,0.974115308866024,1.0119164841076
39.4,4,0.993281947357258,0.973808841443629,1.01314445398054
39.6,4,0.993876828152884,0.973478782215231,1.01470228995791
39.8,4,0.994612981618568,0.973110626716248,1.01659046365819
40,4,0.995482778209925,0.972695604994471,1.01880378262651
0,5,1.02304624809418,1.0013880892688,1.04517283254667
0.2,5,1.02336213241939,1.00285373878478,1.04428992341296
0.4,5,1.02366445187749,1.0042350546514,1.04346975858297
0.6,5,1.02395182542709,1.00552458060365,1.04271676796407
0.8,5,1.0242228711065,1.00671548541013,1.04203472073371
1,5,1.02447620624386,1.00780191623155,1.04142637581438
1.2,5,1.02471044768573,1.00877940495257,1.04089307973696
1.4,5,1.02492421204442,1.00964529094429,1.04043434843577
1.6,5,1.02511611596374,1.01039910299465,1.04004749023827
1.8,5,1.02528477640345,1.0110428300663,1.03972734038946
2,5,1.0254288109421,1.01158101415475,1.03946617383752
2.2,5,1.02554683809842,1.01202062349808,1.03925383802781
2.4,5,1.02563747767112,1.01237070614278,1.03907810569859
2.6,5,1.02569935109695,1.01264186853426,1.03892520300736
2.8,5,1.02573108182711,1.01284565477067,1.03878043734555
3,5,1.0257312957218,1.01299390912253,1.03862884223508
3.2,5,1.02569862146347,1.0130981881885,1.03845577293276
3.4,5,1.02563214611024,1.0131690261521,1.03824857647866
3.6,5,1.02553271809886,1.01321453319689,1.03800066168895
3.8,5,1.02540161309918,1.0132404746013,1.03770871229766
4,5,1.02524010914863,1.0132506986971,1.03737138573769
4.2,5,1.02504948626727,1.01324743723625,1.03698900257055
4.4,5,1.02483102608827,1.01323157635778,1.03656326602901
4.6,5,1.02458601150412,1.01320289673724,1.03609701309626
4.8,5,1.02431572632852,1.01316028673448,1.03559399331145
5,5,1.02402145497408,1.01310193507248,1.03505866877278
5.2,5,1.02370448214591,1.013025510662,1.03449602772666
5.4,5,1.02336609255104,1.01292833712956,1.03391140418775
5.6,5,1.02300757062391,1.01280756858928,1.03331029705035
5.8,5,1.02263020026769,1.01266037119304,1.03269818415773
6,5,1.02223526461172,1.01248411189835,1.03208032988937
6.2,5,1.02182404578486,1.01227655172273,1.03146158899681
6.4,5,1.02139782470488,1.01203603581925,1.03084621435178
6.6,5,1.02095788088387,1.01176166777538,1.0302376812029
6.8,5,1.02050549224963,1.01145345179504,1.02963854427846
7,5,1.02004193498298,1.01111238520737,1.0290503452892
7.2,5,1.01956848337107,1.01074048599601,1.02847358613445
7.4,5,1.01908640967659,1.01034074572865,1.02790777742863
7.6,5,1.01859698402281,1.00991700611632,1.02735156411543
7.8,5,1.01810147429458,1.00947376523644,1.02680292213242
8,5,1.01760114605493,1.00901592488289,1.02625941465938
8.2,5,1.01709726247404,1.0085484920092,1.0257184949742
8.4,5,1.01659102282434,1.00807605231817,1.02517791719236
8.6,5,1.01608340633675,1.00760180589455,1.02463640159548
8.8,5,1.01557534212584,1.00712781797744,1.02409372189254
9,5,1.0150677574537,1.00665533061117,1.02355048534488
9.2,5,1.01456157773007,1.0061849591999,1.02300793268131
9.4,5,1.01405772652096,1.00571687354695,1.02246775386218
9.6,5,1.01355712556564,1.00525096380172,1.02193191926898
9.8,5,1.01306069480205,1.00478699209157,1.02140252554074
10,5,1.01256935240056,1.00432473012962,1.02088165576543
10.2,5,1.01208401480608,1.00386408222334,1.02037125459988
10.4,5,1.01160559678844,1.00340519223474,1.01987301976637
10.6,5,1.01113501150112,1.0029485324466,1.01938831196984
10.8,5,1.01067317054815,1.00249497216981,1.01891808539947
11,5,1.01022098405934,1.00204582436211,1.01846284054273
11.2,5,1.00977936077363,1.00160286946856,1.0180226001004
11.4,5,1.0093492081307,1.00116835696042,1.01759690752427
11.6,5,1.00893143237075,1.00074498638429,1.01718484636485
11.8,5,1.00852693864241,1.00033587086165,1.01678507748734
12,5,1.00813663111884,0.999944486679672,1.01639589051429
12.2,5,1.00776141312195,0.9995746127646,1.01601526570254
12.4,5,1.00740218725477,0.999230263416347,1.01564094287528
12.6,5,1.00705985554196,0.99891561677359,1.01527049493918
12.8,5,1.00673531957846,0.998634940170504,1.01490140482536
13,5,1.00642948068621,0.998392511906949,1.01453114633207
13.2,5,1.0061432399539,0.998192536613909,1.0141572714408
13.4,5,1.00587703741272,0.998037732878028,1.01377791747062
13.6,5,1.00562981403459,0.997926223526287,1.01339287317427
13.8,5,1.00540020854254,0.997854888577917,1.01300258274823
14,5,1.00518686186533,0.997820303609328,1.01260780484406
14.2,5,1.00498841690956,0.997818806917445,1.01220954257475
14.4,5,1.00480351835005,0.997846555760474,1.01180898471827
14.6,5,1.00463081243864,0.997899575826892,1.0114074539663
14.8,5,1.00446894683131,0.997973807514245,1.01100635863533
15,5,1.00431657043345,0.99806515222753,1.01060714462985
15.2,5,1.00417233326343,0.998169521651239,1.01021124470282
15.4,5,1.00403488633426,0.998282892708364,1.00982002229979
15.6,5,1.00390288155352,0.99840137056519,1.00943470762758
15.8,5,1.00377497164121,0.998521261415583,1.00905632421377
16,5,1.00364981006589,0.99863915571124,1.0086856052904
16.2,5,1.00352605099876,0.998752020851986,1.00832290098806
16.4,5,1.00340234928586,0.998857300075701,1.00796807960063
16.6,5,1.00327736043826,0.998953011564976,1.00762042890391
16.8,5,1.00314974064032,0.999037839091784,1.00727856620683
17,5,1.00301814677593,0.999111203624736,1.00694036771075
17.2,5,1.00288123647274,0.999173305117591,1.00660292795826
17.4,5,1.00273766816437,0.999225125823739,1.00626255802647
17.6,5,1.00258610117055,0.99926839089451,1.00591482670693
17.8,5,1.00242519579523,0.999305487738124,1.0055546431948
18,5,1.00225361344258,0.999339350863281,1.00517637456281
18.2,5,1.0020700171803,0.999373321478752,1.00477398960973
18.4,5,1.00187367360529,0.999410785223462,1.00434263138247
18.6,5,1.00166564965358,0.999454261607386,1.00388193060711
18.8,5,1.0014473464342,0.999505417741151,1.00339304808034
19,5,1.00122016418788,0.999565273502651,1.00287779472737
19.2,5,1.00098550215337,0.999634332340408,1.00233849829402
19.4,5,1.00074475845345,0.9997126876186,1.00177789476463
19.6,5,1.00049933000034,0.999800108318065,1.00119904069133
19.8,5,1.00025061242069,0.999896107930136,1.00060524259774
20,5,1,1,1
20.2,5,0.999748885646548,0.999386959097795,1.00011094326648
20.4,5,0.999498660874683,0.998769874691308,1.00022797884152
20.6,5,0.999250715807526,0.998152578318119,1.00035006143482
20.8,5,0.999006439199013,0.997538950956175,1.00047608627659
21,5,0.99876721847525,0.996932898904482,1.00060491312602
21.2,5,0.998534439795158,0.996338331636858,1.00073538856923
21.4,5,0.998309488130367,0.995759140532268,1.00086636770252
21.6,5,0.998093747364336,0.995199177421848,1.00099673625988
21.8,5,0.997888600410677,0.994662231857976,1.00112543427884
22,5,0.997695429350655,0.994152005900336,1.00125148250918
22.2,5,0.997515615589866,0.993672085018206,1.00137401296465
22.4,5,0.99735054003406,0.993225903412031,1.00149230531454
22.6,5,0.997201583284133,0.992816701639711,1.00160583122951
22.8,5,0.997070125850269,0.992447473868925,1.00171430936039
23,5,0.996957548385262,0.992120901340986,1.00181777436493
23.2,5,0.996865231470409,0.991839265752547,1.00191666535864
23.4,5,0.996794230752894,0.991603016092341,1.00201262232721
23.6,5,0.996744708048678,0.991408612550593,1.00210952421229
23.8,5,0.996716674134088,0.991251923851997,1.00221155146555
24,5,0.996710141173115,0.991128955550226,1.00232275523201
24.2,5,0.996725122720232,0.991035926480321,1.00244697867811
24.4,5,0.996761633723366,0.990969348155569,1.00258777560787
24.6,5,0.996819690527018,0.990926104238869,1.00274832923652
24.8,5,0.996899310875542,0.990903525438439,1.00293137577082
25,5,0.997000513916572,0.990899454164623,1.00313913845871
25.2,5,0.99712332020461,0.990912293229116,1.00337327782649
25.4,5,0.997267751704764,0.990941033846027,1.00363486284372
25.6,5,0.997433831796643,0.990985260062663,1.00392436588777
25.8,5,0.99762158527841,0.991045129133782,1.00424168199414
26,5,0.997831038370995,0.9911213297454,1.00458617048662
26.2,5,0.998062218722463,0.991215021897027,1.00495671517848
26.4,5,0.998315155412542,0.99132776332921,1.00535179825827
26.6,5,0.998589878957314,0.991461427536834,1.00576958282014
26.8,5,0.998886421314067,0.991618117756716,1.00620799965095
27,5,0.999204815886306,0.991800080114398,1.00666483508978
27.2,5,0.99954509752893,0.992009617644208,1.00713781824689
27.4,5,0.999907302553576,0.992249005393496,1.00762470737219
27.6,5,1.00029146873412,0.992520405432032,1.00812337655338
27.8,5,1.00069763531237,0.992825779367871,1.00863190514387
28,5,1.00112584300387,0.9931667949152,1.00914867337644
28.2,5,1.0015761316375,0.993544718133037,1.00967246783916
28.4,5,1.00204758188894,0.993958690318049,1.01020230131313
28.6,5,1.00253684240533,0.994403290141349,1.01073692167408
28.8,5,1.00304017742178,0.994872186373645,1.0112752284186
29,5,1.00355384433511,0.995358926688896,1.01181623178888
29.2,5,1.00407409324729,0.995857066043624,1.01235892087971
29.4,5,1.00459716664885,0.996360281848004,1.01290214556429
29.6,5,1.00511929924273,0.996862477231316,1.01344451093807
29.8,5,1.00563671790901,0.997357871533729,1.01398428515096
30,5,1.00614564181102,0.997841075652865,1.01451932300238
30.2,5,1.00664228264345,0.998307149112061,1.01504700843514
30.4,5,1.0071228450228,0.998751635732068,1.01556421904967
30.6,5,1.00758352702079,0.999170575515781,1.01606731503236
30.8,5,1.00802052084094,0.999560491608157,1.01655215363872
31,5,1.00843001363885,0.999918352676875,1.01701412888886
31.2,5,1.00880818848629,1.00024151243531,1.01744823475602
31.4,5,1.00915122547941,1.00052762899767,1.01784914916025
31.6,5,1.00945530299101,1.00077456712394,1.01821133571081
31.8,5,1.00971659906685,1.00098028612787,1.01852916042434
32,5,1.00993129296586,1.0011427153665,1.01879702149988
32.2,5,1.01009556684373,1.00125961797946,1.01900949148066
32.4,5,1.01020560757959,1.00132844213072,1.01916147254711
32.6,5,1.01025760874478,1.0013461576827,1.01924836700689
32.8,5,1.01024777271306,1.00130907530471,1.01926626597399
33,5,1.01017231291099,1.00121264487905,1.01921215936623
33.2,5,1.01002746518348,1.00105123856175,1.01908417983745
33.4,5,1.00981182440878,1.00081988587757,1.01888455166101
33.6,5,1.0095294624752,1.0005173430421,1.01862275820898
33.8,5,1.00918523702527,1.00014305851758,1.0183091648302
34,5,1.00878401113505,0.999696977888253,1.01795364358446
34.2,5,1.00833065046859,0.999179906220456,1.01756519956486
34.4,5,1.00783002066417,0.998593800122073,1.01715166910486
34.6,5,1.00728698495295,0.997941966518845,1.01671951285399
34.8,5,1.00670640201078,0.997229151261395,1.0162737206063
35,5,1.00609312404319,0.996461513084292,1.01581783235553
35.2,5,1.00545199510366,0.99564649312558,1.01535406536145
35.4,5,1.0047878496447,0.994792602385444,1.01488352483993
35.6,5,1.00410551130147,0.993909155667534,1.01440646972292
35.8,5,1.003409791907,0.993005979784163,1.01392260569638
36,5,1.00270549073836,0.992093117589829,1.01343138394044
36.2,5,1.00199739399277,0.991180540403004,1.01293229300091
36.4,5,1.00129027449259,0.99027787212389,1.01242514047413
36.6,5,1.00058889161817,0.989394120499311,1.01191032904503
36.8,5,0.999897991467307,0.988537405184999,1.01138913722061
37,5,0.999222307240453,0.987714668542021,1.01086401881705
37.2,5,0.99856655985031,0.986931353388714,1.01033893697625
37.4,5,0.997935458755028,0.986191032494351,1.00981974792628
37.6,5,0.997333703013991,0.985494978541448,1.00931464576282
37.8,5,0.996765982565444,0.98484167288558,1.00883466993084
38,5,0.996236979725315,0.984226270322314,1.00839425820975
38.2,5,0.995751360230947,0.98364005369117,1.00801179016759
38.4,5,0.995311861361104,0.983067399730029,1.00770883221044
38.6,5,0.994917084486822,0.982484190879805,1.00750731074599
38.8,5,0.994565102929357,0.981865410806173,1.00742905603806
39,5,0.994253998349662,0.981187650421164,1.0074943491288
39.2,5,0.993981859950896,0.98043079154779,1.00772022505709
39.4,5,0.993746783718814,0.97957936840219,1.00811909887636
39.6,5,0.993546871699639,0.978623296840869,1.00869802451132
39.8,5,0.99338023131506,0.977557846603869,1.00945871121163
40,5,0.993244974714024,0.976382966320235,1.01039818782653
0,6,1.01540220937738,0.999196352026191,1.03187090777272
0.2,6,1.01637040043097,1.00114520369993,1.03182713861538
0.4,6,1.01730963362126,1.00300852144486,1.03181465414451
0.6,6,1.01821683112227,1.00477695661611,1.03183647709466
0.8,6,1.01908890727704,1.0064413513929,1.0318954000626
1,6,1.01992276960092,1.00799306487206,1.0319936636493
1.2,6,1.02071531987774,1.00942440822057,1.03213252597063
1.4,6,1.02146345534925,1.0107291705282,1.03231174189696
1.6,6,1.02216406999761,1.01190317908327,1.03252900829962
1.8,6,1.02281405592091,1.01294479689884,1.03277947247689
2,6,1.0234103048016,1.01385523645655,1.03305542479089
2.2,6,1.02394970946737,1.0146385839208,1.03334628126083
2.4,6,1.02442916554429,1.01530148970942,1.03363890022275
2.6,6,1.02484557320125,1.01585256894762,1.03391818952456
2.8,6,1.02519583898539,1.01630162893601,1.0341678871196
3,6,1.02547687774742,1.01665886704978,1.03437137163445
3.2,6,1.02568561465764,1.01693415673186,1.03451238524287
3.4,6,1.02582018021455,1.01713703637843,1.03457745072602
3.6,6,1.0258833279771,1.01727756883183,1.03456188838404
3.8,6,1.02587894000678,1.01736417045918,1.03446497341697
4,6,1.02581091216373,1.01740334589921,1.03428795644872
4.2,6,1.0256831516164,1.01740001546684,1.03403372470662
4.4,6,1.02549957449575,1.01735780005441,1.03370650643728
4.6,6,1.02526410369573,1.01727926282444,1.03331161927796
4.8,6,1.02498066682088,1.01716611358982,1.03285525669825
5,6,1.02465319428227,1.01701938484134,1.03234430356178
5.2,6,1.02428561754235,1.01683958952005,1.03178617071677
5.4,6,1.02388186750928,1.01662687071455,1.03118863844063
5.6,6,1.02344587308124,1.016381152778,1.03055969924682
5.8,6,1.02298155984072,1.01610230177712,1.02990739214336
6,6,1.02249284889894,1.01579030032305,1.02923962329327
6.2,6,1.02198365589041,1.01544543729187,1.02856397256815
6.4,6,1.02145789011726,1.01506850664082,1.0278874917868
6.6,6,1.0209194538432,1.01466100211324,1.02721650784325
6.8,6,1.0203722417366,1.01422528773619,1.02655645081627
7,6,1.01982014046242,1.01376472007271,1.02591173109496
7.2,6,1.01926702842231,1.01328369950223,1.02528568824231
7.4,6,1.0187167756425,1.01278763521267,1.02468062690904
7.6,6,1.0181732438088,1.01228282047258,1.02409794322515
7.8,6,1.0176402864483,1.01177622728908,1.02353833255928
8,6,1.01712174925712,1.01127523837397,1.02300206072018
8.2,6,1.01662147051986,1.01078733652998,1.02248927837782
8.4,6,1.01614236516353,1.01031871457942,1.02199958426978
8.6,6,1.01568409683804,1.0098711365964,1.02153051729608
8.8,6,1.01524561241589,1.00944458259058,1.02107997933331
9,6,1.01482586173767,1.00903823848317,1.02064668153682
9.2,6,1.01442379741522,1.00865069069176,1.02022994705586
9.4,6,1.01403837464576,1.00828010271676,1.01982953197586
9.6,6,1.01366855103686,1.00792437527754,1.01944546293787
9.8,6,1.01331328644225,1.00758129180915,1.01907788962291
10,6,1.01297154280829,1.00724865029644,1.01872695112316
10.2,6,1.01264228403123,1.00692438112588,1.01839265651845
10.4,6,1.01232447582504,1.0066066493671,1.01807478124526
10.6,6,1.01201708559991,1.0062939390408,1.01777278170072
10.8,6,1.01171908235129,1.00598511674877,1.01748573070526
11,6,1.01142943655943,1.0056794726309,1.01721227585837
11.2,6,1.01114712009949,1.00537673787382,1.01695062156274
11.4,6,1.01087110616206,1.00507707964326,1.01669853384379
11.6,6,1.01060036918413,1.00478107596644,1.0164533654386
11.8,6,1.01033388479054,1.00448967437465,1.0162120973433
12,6,1.01007062974573,1.00420413877482,1.01597139235026
12.2,6,1.00980958191595,1.00392598896257,1.01572765616219
12.4,6,1.00954972024172,1.00365693649071,1.01547710236901
12.6,6,1.00929002472079,1.00339881943168,1.01521581874879
12.8,6,1.0090294764012,1.00315353709839,1.01493983382788
13,6,1.00876705738482,1.00292298413011,1.01464518429344
13.2,6,1.0085017509212,1.0027089813903,1.01432798597346
13.4,6,1.0082328364229,1.0025127577656,1.01398555237045
13.6,6,1.00796055377407,1.00233384015452,1.01361885358266
13.8,6,1.00768533740306,1.00217114849006,1.0132298667219
14,6,1.00740762129495,1.00202334616587,1.0128208283035
14.2,6,1.0071278389799,1.00188889613554,1.0123941766005
14.4,6,1.0068464235233,1.00176610661431,1.01195250455
14.6,6,1.00656380751787,1.00165317026496,1.01149851932967
14.8,6,1.00628042307758,1.00154820017706,1.01103500529498
15,6,1.00599670183341,1.00144926562666,1.01056478728997
15.2,6,1.005713074931,1.00135443044776,1.0100906914996
15.4,6,1.00542997303011,1.00126179675653,1.00961550110269
15.6,6,1.00514782630595,1.00116955660908,1.00914190414409
15.8,6,1.00486706445238,1.00107605376416,1.00867243145447
16,6,1.00458811668686,1.00097985683986,1.00820938332818
16.2,6,1.00431141175734,1.00087984357526,1.00775474524797
16.4,6,1.00403737795091,1.00077529350119,1.00731009535193
16.6,6,1.00376644310432,1.00066598320556,1.00687650945692
16.8,6,1.00349903461626,1.00055227507265,1.00645447275869
17,6,1.00323557946156,1.0004351878689,1.00604380983595
17.2,6,1.00297650420714,1.00031643707626,1.00564364505677
17.4,6,1.00272223502976,1.00019843538507,1.0052524029754
17.6,6,1.00247319773568,1.00008424923104,1.00486785283449
17.8,6,1.00222981778198,0.999977514340007,1.00448719420882
18,6,1.00199252029986,0.999882319549529,1.00410717452149
18.2,6,1.00176173006021,0.999803070686086,1.00372422653651
18.4,6,1.0015377882928,0.999743603886048,1.00333519262281
18.6,6,1.00132078724223,0.999705288878292,1.00293889621051
18.8,6,1.00111077293963,0.999688445794335,1.0025351237299
19,6,1.00090779151927,0.99969284626858,1.00212421331545
19.2,6,1.00071188922197,0.999717830281,1.00170693659501
19.4,6,1.00052311239847,0.999762399402962,1.00128440421578
19.6,6,1.00034150751294,0.999825290536833,1.00085799101557
19.8,6,1.00016712114634,0.999905034088453,1.00042927690037
20,6,1,1,1
20.2,6,0.999840190899107,0.999572019267839,1.00010843447719
20.4,6,0.999687740796241,0.999147284239919,1.00022848969514
20.6,6,0.999542696774958,0.998727810127698,1.00035824830833
20.8,6,0.999405106053395,0.998315656777921,1.00049574423111
21,6,0.999275015987893,0.997912910298782,1.00063898088925
21.2,6,0.999152474076658,0.997521666334507,1.00078594796029
21.4,6,0.999037527963449,0.997144014080105,1.00093463751078
21.6,6,0.998930225441292,0.996782020170398,1.0010830603963
21.8,6,0.998830614456226,0.996437711553804,1.00122926381348
22,6,0.998738743111078,0.996113056367925,1.00137135098716
22.2,6,0.998654659669268,0.995809941660192,1.00150750414928
22.4,6,0.998578412558644,0.995530146525389,1.00163601223774
22.6,6,0.998510050375347,0.995275308836665,1.00175530513859
22.8,6,0.998449621887704,0.995046883192574,1.00186399684925
23,6,0.998397176040164,0.994846086946475,1.00196094069635
23.2,6,0.99835276198266,0.994673828963884,1.00204530202292
23.4,6,0.99831644678365,0.994529799838597,1.00211751129074
23.6,6,0.998288346438464,0.994411151509787,1.00218065849499
23.8,6,0.998268585430483,0.994314641597325,1.00223825232673
24,6,0.998257288440095,0.994237097506473,1.00229373498838
24.2,6,0.998254580355204,0.994175477112592,1.00235042016359
24.4,6,0.998260586281915,0.994126935695948,1.00241142488136
24.6,6,0.998275431555375,0.994088897200348,1.00247959720068
24.8,6,0.998299241750787,0.994059125880515,1.00255744365048
25,6,0.998332142694593,0.99403579283217,1.00264706193075
25.2,6,0.998374260475819,0.994017531117994,1.00275008516155
25.4,6,0.998425721457599,0.994003473517059,1.00286764365217
25.6,6,0.998486652288865,0.993993268413688,1.00300034867449
25.8,6,0.998557179916211,0.993987071754346,1.00314830031174
26,6,0.998637431595929,0.993985515794804,1.0033111186606
26.2,6,0.998727534906225,0.993989657871483,1.00348799515259
26.4,6,0.998827617759605,0.994000914107352,1.00367775908462
26.6,6,0.998937808415445,0.994020983533052,1.00387895387791
26.8,6,0.999058235492734,0.994051767618958,1.00408991807
27,6,0.999189027983,0.994095288958495,1.00430886729944
27.2,6,0.999330315263425,0.994153611187974,1.0045339751984
27.4,6,0.999482227110127,0.994228760497878,1.00476345283833
27.6,6,0.999644893711649,0.994322647491206,1.00499562797358
27.8,6,0.999818445682613,0.994436986756015,1.00522902671606
28,6,1.00000301407758,0.994573210330555,1.00546246146313
28.2,6,1.00019872921874,0.994732367665068,1.00569513011727
28.4,6,1.00040524043489,0.994914001091176,1.00592678763385
28.6,6,1.00062097874347,0.995114622745977,1.00615780354896
28.8,6,1.00084418429719,0.995330092642077,1.00638882381477
29,6,1.00107309587014,0.995556164031081,1.00662060010482
29.2,6,1.00130595074176,0.99578860628952,1.00685386502541
29.4,6,1.00154098461182,0.996023318424294,1.00708921699152
29.6,6,1.00177643154638,0.996256433712904,1.00732701425244
29.8,6,1.00201052395501,0.996484413327235,1.00756728021886
30,6,1.00224149259906,0.996704124914711,1.00780962411804
30.2,6,1.00246756663118,0.996912901267182,1.00805318184773
30.4,6,1.00268697366614,0.997108574543658,1.00829658156323
30.6,6,1.00289793988293,0.997289482956312,1.00853793708911
30.8,6,1.00309869015823,0.997454449034333,1.00877487004172
31,6,1.00328744823124,0.997602730989605,1.00900455913932
31.2,6,1.00346243690001,0.997733950712465,1.00922381317211
31.4,6,1.00362187824913,0.997848003051814,1.00942916297844
31.6,6,1.0037639939089,0.997944951071769,1.00961696773541
31.8,6,1.003887005346,0.998024910997491,1.00978353185123
32,6,1.00398913418551,0.998087928836464,1.00992523047309
32.2,6,1.00406860256442,0.998133848540739,1.01003864374461
32.4,6,1.00412363351643,0.998162169400986,1.01012070212129
32.6,6,1.00415245138806,0.998171888438872,1.0101688469765
32.8,6,1.00415328228601,0.998161322214898,1.01018121207935
33,6,1.00412435455556,0.998127902174897,1.01015683181947
33.2,6,1.00406390277515,0.998067940904296,1.01009588579975
33.4,6,1.00397107465199,0.997976889865362,1.0100012625281
33.6,6,1.00384714222807,0.997850475335688,1.00987984659772
33.8,6,1.00369368151426,0.997684640100467,1.00973891530515
34,6,1.00351227026486,0.997475875718462,1.00958519507731
34.2,6,1.00330448752774,0.997221637322441,1.00942444188846
34.4,6,1.00307191321901,0.996920685005043,1.00926109591533
34.6,6,1.00281612772225,0.996573310279772,1.00909805194113
34.8,6,1.00253871151236,0.996181418048163,1.00893657507701
35,6,1.00224124480424,0.995748458809825,1.00877636706299
35.2,6,1.00192530722605,0.99527923295884,1.00861576130316
35.4,6,1.0015924775174,0.994779608269953,1.00845200552925
35.6,6,1.00124433325223,0.994256197131282,1.00828158553316
35.8,6,1.00088245058651,0.993716032660537,1.00810055082836
36,6,1.00050840403069,0.993166268122907,1.00790481781864
36.2,6,1.00012376624691,0.992613908225841,1.00769044189569
36.4,6,0.999730107870922,0.992065567877838,1.00745386287479
36.6,6,0.999328997358655,0.991527245088868,1.00719213708782
36.8,6,0.998922000857433,0.991004089221922,1.00690317492077
37,6,0.998510682101732,0.990500142496688,1.00658600589207
37.2,6,0.998096602333451,0.990018030512132,1.00624109550232
37.4,6,0.997681320246619,0.989558576570356,1.00587073907117
37.6,6,0.997266391956475,0.989120316363933,1.00547955599767
37.8,6,0.99685337099284,0.988698898385359,1.00507509908489
38,6,0.996443808317733,0.988286379416519,1.00466856957085
38.2,6,0.996039249469201,0.987870467835334,1.004275579426
38.4,6,0.99564071510307,0.987432611770721,1.00391704887415
38.6,6,0.995248101270106,0.986947958694235,1.00361804729019
38.8,6,0.994861158695469,0.986390881106657,1.00340417175235
39,6,0.994479638581156,0.985737890720628,1.00329891025037
39.2,6,0.994103292592316,0.984970176865844,1.0033210949467
39.4,6,0.993731872844185,0.984075470524923,1.00348303019855
39.6,6,0.993365131889637,0.983048625228944,1.00378990411009
39.8,6,0.993002822707361,0.981890859257159,1.00424053916825
40,6,0.992644698690649,0.980608142094268,1.00482899900695
0,7,1.00961798419139,0.991825810316422,1.02772932847704
0.2,7,1.01096107913425,0.994208496753505,1.02799594537934
0.4,7,1.01226685830647,0.996494089676689,1.0282892824363
0.6,7,1.01353125077749,0.99867196896446,1.02861162446338
0.8,7,1.01475017081394,1.00073178135433,1.02896493181555
1,7,1.01591951959675,1.00266378754365,1.02935049925971
1.2,7,1.0170351871017,1.00445931027679,1.02976851448364
1.4,7,1.018093054144,1.00611125963264,1.03021754003102
1.6,7,1.01908899458683,1.00761467654821,1.03069397762816
1.8,7,1.02001887771389,1.00896720050188,1.03119160897913
2,7,1.02087857076555,1.01016935005287,1.03170132433118
2.2,7,1.02166394163794,1.01122452332949,1.03221113171429
2.4,7,1.02237086174418,1.01213868333875,1.03270648197694
2.6,7,1.0229952090364,1.0129197710962,1.03317086661155
2.8,7,1.02353287118715,1.01357695402148,1.03358658091432
3,7,1.02397974892819,1.01411984030885,1.03393552175818
3.2,7,1.02433175954702,1.01455776808079,1.03419991116085
3.4,7,1.02458646815719,1.01490016668781,1.0343652165876
3.6,7,1.0247477529333,1.01515847606982,1.03442761095523
3.8,7,1.02482103901216,1.01534280034065,1.03438775716892
4,7,1.02481177673279,1.01546127335079,1.03424838080202
4.2,7,1.02472543709369,1.01552038474959,1.03401392743661
4.4,7,1.0245675074931,1.01552526708521,1.03369026004012
4.6,7,1.02434348775546,1.01547994236775,1.03328439797685
4.8,7,1.02405888644726,1.01538753324883,1.0328042925209
5,7,1.02371921748427,1.01525044728759,1.03225863041629
5.2,7,1.0233299970322,1.01507054414376,1.03165665565565
5.4,7,1.02289674070176,1.01484929576445,1.0310079994194
5.6,7,1.02242496103932,1.01458794897287,1.03032250877267
5.8,7,1.0219201653132,1.01428769818667,1.02961006639515
6,7,1.02138785359609,1.01394987292243,1.02888039668746
6.2,7,1.02083351714301,1.01357613992533,1.02814285841352
6.4,7,1.02026263706458,1.01316871320049,1.02740623059882
6.6,7,1.01968068329478,1.01273055766871,1.02667850595719
6.8,7,1.01909311385224,1.01226556535096,1.02596671293564
7,7,1.01850537439429,1.01177867934614,1.02527679110657
7.2,7,1.01792289806228,1.01127594262873,1.02461354287344
7.4,7,1.0173511056174,1.01076445654583,1.02398067660386
7.6,7,1.0167954058656,1.01025224606923,1.02338094412763
7.8,7,1.01626119637056,1.00974804148383,1.02281636291251
8,7,1.0157538644537,1.00926099494244,1.0222885044829
8.2,7,1.01527878839546,1.00880035233317,1.02179882846167
8.4,7,1.01483989330844,1.00837352027954,1.02134773309476
8.6,7,1.01443597936362,1.00798156942507,1.02093171883527
8.8,7,1.01406471864366,1.0076233109437,1.02054730416543
9,7,1.01372378988512,1.00729670869523,1.02019187922312
9.2,7,1.01341087776304,1.00699908700391,1.01986349384293
9.4,7,1.01312367222889,1.00672731950276,1.01956066488543
9.6,7,1.01285986790172,1.00647800052892,1.01928220136633
9.8,7,1.01261716351195,1.00624760085297,1.0190270455997
10,7,1.01239326139782,1.00603260868374,1.01879412941169
10.2,7,1.01218586705415,1.00582965556864,1.0185822458028
10.4,7,1.01199268873324,1.00563562552221,1.01838993772492
10.6,7,1.01181143709781,1.00544774485657,1.01821540649831
10.8,7,1.01163982492582,1.00526365002397,1.01805644255767
11,7,1.01147556686698,1.00508143140523,1.01791038059323
11.2,7,1.01131637925107,1.00489965228192,1.01777407984869
11.4,7,1.01115997994772,1.00471734392638,1.01764392864188
11.6,7,1.01100408827781,1.00453397944205,1.01751587047576
11.8,7,1.01084642497629,1.00434943030828,1.01738544778556
12,7,1.01068471220644,1.00416391026634,1.01724785868562
12.2,7,1.01051667362543,1.00397791113472,1.01709802212769
12.4,7,1.01034003450126,1.00379213442983,1.01693064759452
12.6,7,1.01015252188084,1.00360742145734,1.01674030666342
12.8,7,1.00995186480925,1.00342468300516,1.01652150530808
13,7,1.00973579460015,1.00324482802913,1.01626875754718
13.2,7,1.0095020453709,1.00306868876799,1.01597666343242
13.4,7,1.0092491415587,1.0028969180087,1.01564159929758
13.6,7,1.00897817086892,1.00272981963113,1.01526545771272
13.8,7,1.00869074056194,1.00256734285059,1.01485153825423
14,7,1.00838845694282,1.00240915835721,1.01440342161476
14.2,7,1.00807292511307,1.00225471919907,1.01392490639317
14.4,7,1.00774574874791,1.00210331054345,1.01341995723848
14.6,7,1.00740852989896,1.00195409242032,1.01289266024321
14.8,7,1.00706286882254,1.00180613894406,1.0123471820906
15,7,1.00671036383322,1.00165847715968,1.01178772980888
15.2,7,1.00635261118288,1.00151012848418,1.0112185081617
15.4,7,1.00599120496503,1.00136015560708,1.01064367181002
15.6,7,1.00562773704443,1.00120771754201,1.01006726955305
15.8,7,1.0052637970119,1.00105213510124,1.00949317837536
16,7,1.00490097216434,1.00089296817486,1.00892502591787
16.2,7,1.00454084750976,1.0007301046076,1.00836610157872
16.4,7,1.00418500579739,1.00056385803954,1.00781925887679
16.6,7,1.00383502757276,1.00039506890806,1.00728681487994
16.8,7,1.00349249125764,1.00022519939371,1.00677045591418
17,7,1.00315897325488,1.00005641039481,1.00627116146827
17.2,7,1.00283604807799,0.99989160787799,1.00578915894592
17.4,7,1.00252528850553,0.999734448190849,1.00532391967875
17.6,7,1.00222826576012,0.999589297247187,1.00487420128923
17.8,7,1.00194654971218,0.99946114567641,1.00443813431159
18,7,1.00168170910831,0.999355488709743,1.00401334429811
18.2,7,1.00143531144082,0.999278182229273,1.00359709722
18.4,7,1.00120838605873,0.999234044927662,1.0031866282007
18.6,7,1.00100035618333,0.999223924965605,1.0027799455599
18.8,7,1.00081034786418,0.999247293048952,1.00237584766012
19,7,1.00063748881077,0.999303025488123,1.0019737341678
19.2,7,1.00048090824013,0.999389528890313,1.00157347942641
19.4,7,1.00033973673215,0.999504840160647,1.00117533070126
19.6,7,1.00021310609247,0.999646705909549,1.00077982719794
19.8,7,1.000100149223,0.999812645312683,1.00038773580731
20,7,1,1,1
20.2,7,0.999911793159724,0.999617698879015,1.00020597396496
20.4,7,0.999834664191571,0.999242013957232,1.00042766592664
20.6,7,0.999767749238751,0.998874201701235,1.00066209610335
20.8,7,0.999710185006436,0.998515570258142,1.00090622898071
21,7,0.999661108677389,0.998167459062364,1.00115699337747
21.2,7,0.999619657835054,0.997831220213106,1.00141130091807
21.4,7,0.999584970394101,0.997508200630052,1.00166606390471
21.6,7,0.999556184538412,0.997199724039761,1.00191821353648
21.8,7,0.999532438666502,0.996907071819926,1.00216471944846
22,7,0.999512871344383,0.996631461628585,1.00240261164402
22.2,7,0.99949662126584,0.99637402255991,1.00262900607865
22.4,7,0.999482827220142,0.996135765279173,1.00284113544302
22.6,7,0.999470628067171,0.99591754517077,1.00303638711144
22.8,7,0.999459162719972,0.995720015949429,1.00321235080569
23,7,0.999447570134723,0.995543570394184,1.00336687931467
23.2,7,0.999434989702241,0.995388262878371,1.0034981683958
23.4,7,0.999420835887195,0.995253082389482,1.00360604240216
23.6,7,0.999405279081813,0.995134979242601,1.00369390353135
23.8,7,0.999388618398859,0.995030602876653,1.00376572107199
24,7,0.999371152935562,0.99493668560656,1.00382538483931
24.2,7,0.999353181770763,0.994850109732255,1.00387663643534
24.4,7,0.999335003962951,0.994767980657846,1.00392299467179
24.6,7,0.999316918549201,0.994687703747543,1.00396767742907
24.8,7,0.999299224545,0.994607060559026,1.00401352431076
25,7,0.999282220944971,0.994524278548191,1.00406292599958
25.2,7,0.999266206724493,0.994438087680024,1.00411776687987
25.4,7,0.999251480842214,0.994347757884341,1.00417938698817
25.6,7,0.999238342243458,0.994253112990289,1.00424856765745
25.8,7,0.999227089864524,0.994154519354599,1.00432554264031
26,7,0.999218022637889,0.994052850283843,1.00441003361066
26.2,7,0.99921143949829,0.993949429868845,1.00450130642561
26.4,7,0.999207639389719,0.993845961465994,1.00459824291286
26.6,7,0.999206921273295,0.993744446537303,1.00469942247167
26.8,7,0.99920958413604,0.993647098979434,1.00480320835716
27,7,0.999215927000551,0.993556258734105,1.00490783485545
27.2,7,0.999226248935564,0.993474306754011,1.00501149327565
27.4,7,0.999240849067413,0.993403581620746,1.00511241646213
27.6,7,0.99926002659239,0.993346296474688,1.00520896316732
27.8,7,0.999284080789993,0.993304453496555,1.00529970504533
28,7,0.999313311037084,0.993279751962384,1.00538352024488
28.2,7,0.999348016267366,0.993273482802508,1.00545969957812
28.4,7,0.99938827011227,0.993285605321859,1.00552842917155
28.6,7,0.99943357593421,0.993313547204267,1.00559131154106
28.8,7,0.999483348252674,0.993354153857597,1.00565036100668
29,7,0.999537001535857,0.993404161336969,1.00570770319171
29.2,7,0.999593950176192,0.993460326689437,1.00576544265083
29.4,7,0.999653608469319,0.993519547788656,1.00582554127894
29.6,7,0.999715390596486,0.993578973313873,1.00588970684645
29.8,7,0.999778710610375,0.993636100802205,1.00595929373214
30,7,0.999842982424375,0.993688858790391,1.0060352198375
30.2,7,0.999907619805278,0.993735668186721,1.00611790454199
30.4,7,0.999972036369417,0.993775478313663,1.00620723225894
30.6,7,1.00003564558224,0.993807774465484,1.00630254474813
30.8,7,1.00009786076134,0.993832555999269,1.00640266316668
31,7,1.00015809508289,0.993850286380686,1.00650593843736
31.2,7,1.00021576159154,0.993861818639016,1.00661032647992
31.4,7,1.0002702732138,0.993868300872341,1.0067134836648
31.6,7,1.00032104277477,0.993871066555918,1.0068128777363
31.8,7,1.00036748301843,0.993871513490596,1.00690591036856
32,7,1.00040900663128,0.993870973534748,1.00699004921084
32.2,7,1.00044502626947,0.993870573136106,1.00706296940563
32.4,7,1.00047495458942,0.99387108246401,1.00712270677917
32.6,7,1.00049820428176,0.993872748953797,1.00716782689206
32.8,7,1.00051418810889,0.993875109650166,1.00719761556312
33,7,1.00052231894578,0.993876776359335,1.00721229685592
33.2,7,1.00052201000679,0.993875187358078,1.00721328517014
33.4,7,1.00051272232532,0.993865970556683,1.00720392607278
33.6,7,1.000494028193,0.993842911021901,1.0071896567845
33.8,7,1.0004655159791,0.993799694916304,1.00717604743039
34,7,1.00042677438102,0.993730551932245,1.00716811911672
34.2,7,1.00037739246551,0.993630684585826,1.00716991018975
34.4,7,1.00031695971158,0.993496625173175,1.00718411571071
34.6,7,1.00024506605514,0.993326479508754,1.00721184102777
34.8,7,1.0001613019352,0.99312002705578,1.00725249983558
35,7,1.00006525834183,0.992878669858874,1.00730386431252
35.2,7,0.999956526865693,0.992605249133398,1.00736224848124
35.4,7,0.999834699749237,0.992303768281483,1.00742278602239
35.6,7,0.999699369939563,0.99197906820237,1.00747975667333
35.8,7,0.999550131142867,0.991636495126098,1.00752692098194
36,7,0.999386577880529,0.991281587646258,1.00755783673869
36.2,7,0.999208305546794,0.990919794079518,1.0075661459575
36.4,7,0.99901491046806,0.990556217916256,1.00754583463922
36.6,7,0.998805989963746,0.990195379544974,1.00749147713242
36.8,7,0.998581142408737,0.989840976295882,1.00739848304306
37,7,0.998339967297387,0.989495618993695,1.00726336849976
37.2,7,0.998082065309076,0.98916052058279,1.00708407620708
37.4,7,0.997807038375296,0.988835110712537,1.00686037039467
37.6,7,0.997514489748262,0.988516550585328,1.00659433235442
37.8,7,0.997204024071024,0.98819912835321,1.00629097627377
38,7,0.996875247449071,0.987873534054879,1.00595898636701
38.2,7,0.996527769423032,0.987526052083254,1.00561154122091
38.4,7,0.996161543607909,0.987137260308519,1.0052683257576
38.6,7,0.995777260977964,0.98668262656451,1.00495572414535
38.8,7,0.995375707914665,0.986136433715155,1.0047015463915
39,7,0.994957670490128,0.985474351831967,1.00453224807614
39.2,7,0.994523934335597,0.984676047954442,1.00447031084087
39.4,7,0.994075284516047,0.98372739206662,1.0045320271195
39.6,7,0.993612505410923,0.982621549300001,1.00472639910277
39.8,7,0.99313638060102,0.981358682769192,1.00505542753247
40,7,0.992647692761494,0.979944571917496,1.00551548544898
0,8,1.00553964244504,0.986204621964086,1.02525373539096
0.2,8,1.00700994187061,0.988756299342775,1.0256005688159
0.4,8,1.00844028615722,0.991204969270457,1.02597529499206
0.6,8,1.00982627558069,0.993539651015585,1.0263798790625
0.8,8,1.01116349272326,0.995749751332444,1.02681583163655
1,8,1.0124475044677,0.997825425598571,1.02728385447583
1.2,8,1.0136738641833,0.99975802364275,1.02778340221202
1.4,8,1.0148381141041,1.00154058988801,1.02831219047599
1.6,8,1.01593578789963,1.00316835725946,1.02886571099083
1.8,8,1.0169624134381,1.00463914801584,1.02943684046995
2,8,1.01791351574148,1.00595358676665,1.030015638057
2.2,8,1.01878462013195,1.0071150533823,1.03058940359558
2.4,8,1.01957125556843,1.00812935571369,1.03114301680609
2.6,8,1.02026895817179,1.00900416655403,1.03165951292749
2.8,8,1.02087327493674,1.00974831960518,1.03212080005003
3,8,1.02137976762826,1.01037107568111,1.03250840689111
3.2,8,1.02178401686221,1.01088145123678,1.03280416891389
3.4,8,1.0220834137509,1.01128873293347,1.03299331896484
3.6,8,1.02228228384836,1.01160477711667,1.03307249185687
3.8,8,1.02238665401538,1.0118402490769,1.03304298407023
4,8,1.02240258096438,1.01200384769596,1.0329081652629
4.2,8,1.02233614582803,1.01210262080962,1.03267314358937
4.4,8,1.0221934490781,1.01214224625127,1.03234446660848
4.6,8,1.02198060579907,1.01212727666358,1.03192985972317
4.8,8,1.0217037413203,1.0120613524933,1.0314379977619
5,8,1.02136898720947,1.01194739083392,1.03087830205642
5.2,8,1.02098247762985,1.01178775917476,1.03026075397216
5.4,8,1.02055034606274,1.01158444332662,1.02959571563171
5.6,8,1.02007872239624,1.01133921804138,1.02889374932058
5.8,8,1.01957373038084,1.01105382701228,1.02816542889173
6,8,1.01904148545194,1.0107301757507,1.02742113967341
6.2,8,1.0184880929188,1.01037053606505,1.02667086815226
6.4,8,1.01791964651948,1.00997775466437,1.02592398890476
6.6,8,1.01734222734064,1.00955545159444,1.02518906306317
6.8,8,1.0167619031011,1.0091081883991,1.02447366841593
7,8,1.01618472779793,1.00864158318547,1.02378428395598
7.2,8,1.01561674171356,1.00816235192167,1.02312624953983
7.4,8,1.01506397178257,1.00767826267819,1.02250381393813
7.6,8,1.01453243231672,1.00719800046042,1.02192027362244
7.8,8,1.014028126087,1.00673095141395,1.02137819349979
8,8,1.01355704576138,1.00628692286343,1.02087969312899
8.2,8,1.01312517559903,1.00587581742,1.0204267799829
8.4,8,1.01273681523607,1.00550547305835,1.02002016340589
8.6,8,1.01239031662533,1.00517658362902,1.01965581957389
8.8,8,1.01208272301607,1.0048873919234,1.01932957509502
9,8,1.0118110859178,1.004635279023,1.0190381474377
9.2,8,1.01157246401624,1.00441697347942,1.01877893043874
9.4,8,1.01136392217568,1.00422874228129,1.01854979848014
9.6,8,1.01118253052715,1.00406656478384,1.01834892815439
9.8,8,1.01102536364201,1.00392629111264,1.0181746359034
10,8,1.01088949979065,1.00380378581132,1.0180252308583
10.2,8,1.01077202028581,1.00369505629656,1.01789888331459
10.4,8,1.01067000891046,1.00359636448967,1.01779351047219
10.6,8,1.01058055143004,1.0035043191843,1.01770668187934
10.8,8,1.01050073518867,1.00341594653632,1.01763554719416
11,8,1.01042764878951,1.00332873661846,1.01757678832093
11.2,8,1.01035838185904,1.00324066518272,1.01752659677815
11.4,8,1.01029002489509,1.00315019136514,1.01748067556417
11.6,8,1.01021966919881,1.00305623369588,1.01743426315776
11.8,8,1.01014440689031,1.00295812808908,1.01738217597969
12,8,1.01006133100806,1.00285557222008,1.01731886490818
12.2,8,1.00996753569193,1.00274856074179,1.01723848139663
12.4,8,1.00986011644991,1.00263731518341,1.01713494935073
12.6,8,1.00973617050829,1.00252221124582,1.0170020400503
12.8,8,1.00959279724532,1.00240370471458,1.01683344889458
13,8,1.00942709870819,1.00228225545857,1.0166228745018
13.2,8,1.00923618049344,1.00215824701857,1.01636410322141
13.4,8,1.00901818396229,1.00203207651281,1.01605299813327
13.6,8,1.00877461005359,1.00190442415824,1.01569190568626
13.8,8,1.0085076413796,1.00177572527016,1.01528479585263
14,8,1.00821945999386,1.00164611829804,1.0148359395008
14.2,8,1.00791224691069,1.00151550979173,1.01434984035725
14.4,8,1.00758818167163,1.00138362794738,1.01383117869158
14.6,8,1.007249441959,1.00125006893509,1.0132847625227
14.8,8,1.00689820325646,1.00111433960085,1.01271548275426
15,8,1.00653663855647,1.0009758997705,1.01212826901111
15.2,8,1.00616691811477,1.00083420717949,1.01152804315273
15.4,8,1.00579120925159,1.00068876790396,1.01091966758726
15.6,8,1.00541167619959,1.00053919494324,1.01030788573538
15.8,8,1.00503047999846,1.00038527712403,1.00969725247236
16,8,1.00464977843597,1.00022705955512,1.00909205331873
16.2,8,1.00427172603542,1.00006493525117,1.00849621275928
16.4,8,1.00389847408937,0.999899745153688,1.00791319446137
16.6,8,1.00353217073945,0.999732880717808,1.00734589922255
16.8,8,1.00317496110225,0.999566379987329,1.00679656972381
17,8,1.00282898744105,0.999403005545302,1.00626671370007
17.2,8,1.00249638938345,0.999246292044548,1.00575705782258
17.4,8,1.00217930418458,0.999100553118631,1.00526754249193
17.6,8,1.00187986703609,0.998970842458783,1.00479736275554
17.8,8,1.00160021142059,0.998862870612033,1.0043450537941
18,8,1.0013424695117,0.99878288544609,1.0039086130315
18.2,8,1.00110877206976,0.998737526632741,1.00348564741932
18.4,8,1.00090047863595,0.998732148525621,1.00307351637032
18.6,8,1.00071664601233,0.998767311782735,1.00266978483573
18.8,8,1.00055590511794,0.998842015010491,1.00227273605012
19,8,1.00041688940599,0.998954631572116,1.00188128767537
19.2,8,1.00029823455894,0.999103038483782,1.00149486041021
19.4,8,1.00019857820255,0.999284720307383,1.00111327183175
19.6,8,1.00011655963847,0.999496852057565,1.00073665145019
19.8,8,1.00005081959562,0.999736365151118,1.00036537294779
20,8,1,1,1
20.2,8,0.999962743763153,0.99964124263728,1.0002843482891
20.4,8,0.999937694589007,0.999289921652101,1.00058588743386
20.6,8,0.999923496799218,0.99894693902578,1.00090100924307
20.8,8,0.999918795176908,0.998613252725393,1.00122604443643
21,8,0.999922234828802,0.998289854502892,1.00155728438501
21.2,8,0.999932461065738,0.997977749524198,1.00189100124696
21.4,8,0.999948119301541,0.997677936773279,1.00222346755365
21.6,8,0.999967854970259,0.997391389220247,1.00255097625774
21.8,8,0.999990313461745,0.997119032714028,1.00286986228264
22,8,1.00001414007559,0.996861722454932,1.00317652671867
22.2,8,1.00003797999343,0.996620215709866,1.00346746500323
22.4,8,1.00006047826956,0.99639513913574,1.00373930071983
22.6,8,1.00008027983995,0.99618694865017,1.00398882707706
22.8,8,1.0000960295496,0.995995879200937,1.00421305871598
23,8,1.00010637219827,0.995821881001178,1.00440929727914
23.2,8,1.00010995321233,0.995664536973043,1.00457521722646
23.4,8,1.00010584225785,0.995522426984154,1.00471035971368
23.6,8,1.00009427488672,0.995392340082007,1.0048184202209
23.8,8,1.00007568532501,0.995270820502657,1.00490374657338
24,8,1.00005050792072,0.995154514966192,1.00497058833769
24.2,8,1.00001917711425,0.995040245541853,1.00502302201021
24.4,8,0.999982127410735,0.994925087483521,1.00506487143683
24.6,8,0.999939793354265,0.994806449386686,1.00509962611301
24.8,8,0.999892609503998,0.994682150993227,1.00513036203816
25,8,0.999841010412159,0.994550492607729,1.00515967116041
25.2,8,0.999785430603918,0.994410309688471,1.00518960584893
25.4,8,0.999726304559164,0.994261006935542,1.00522164407109
25.6,8,0.999664066696161,0.994102568062805,1.00525667908784
25.8,8,0.99959915135709,0.993935540050803,1.00529503486991
26,8,0.999531992795483,0.993760993452145,1.00533650566334
26.2,8,0.999463025165541,0.99358046263923,1.00538041581416
26.4,8,0.999392682513336,0.993395871287978,1.00542569455844
26.6,8,0.999321398769898,0.99320944870686,1.00547096016821
26.8,8,0.999249607746195,0.993023641959564,1.00551460850474
27,8,0.999177743129982,0.992841027389967,1.00555490237028
27.2,8,0.999106238484545,0.992664223488997,1.00559005971852
27.4,8,0.999035527249322,0.992495805335731,1.00561834049134
27.6,8,0.998966042742405,0.992338219278547,1.00563813341578
27.8,8,0.99889821816492,0.992193695162391,1.00564804545522
28,8,0.998832486607288,0.992064152241987,1.00564699777474
28.2,8,0.998769280876432,0.991951092160471,1.00563433450109
28.4,8,0.998708960276866,0.991854788972756,1.00561049704696
28.6,8,0.998651698330483,0.991773266875324,1.00557783506351
28.8,8,0.998597639623906,0.991704009551213,1.00553918937336
29,8,0.998546928742256,0.991644391700104,1.00549751225955
29.2,8,0.99849971027389,0.991591811583226,1.00545573266199
29.4,8,0.998456128815373,0.991543811567469,1.00541663367655
29.6,8,0.998416328976642,0.991498187568696,1.00538274145673
29.8,8,0.998380455386393,0.991453085749214,1.00535622716259
30,8,0.998348652697667,0.991407083057375,1.00533882536884
30.2,8,0.998321065593655,0.991359247371613,1.00533177316947
30.4,8,0.99829783879371,0.991309173219905,1.00533577400793
30.6,8,0.998279117059572,0.991256990215709,1.00535098909151
30.8,8,0.998265045201799,0.991203343202056,1.00537705739821
31,8,0.998255768086418,0.99114934517816,1.00541314320162
31.2,8,0.998251430641776,0.991096505895223,1.0054580082272
31.4,8,0.998252177865616,0.991046640134525,1.00551010442675
31.6,8,0.998258154832355,0.991001759898407,1.0055676831406
31.8,8,0.998269506700581,0.990963954055193,1.00562891710662
32,8,0.998286378720758,0.990935257565859,1.00569203318832
32.2,8,0.998308916243149,0.990917510566515,1.00575545554826
32.4,8,0.998337264725953,0.990912205595221,1.0058179609785
32.6,8,0.998371569743651,0.990920319437921,1.00587884991377
32.8,8,0.998411976995573,0.9909421247581,1.00593813796295
33,8,0.998458632314679,0.990976976323974,1.0059967731458
33.2,8,0.998511679720538,0.991023064146625,1.00605688263862
33.4,8,0.998570752670336,0.991076239141218,1.00612193967302
33.6,8,0.998634293894888,0.991129247721954,1.00619616990933
33.8,8,0.998700576429219,0.99117454798162,1.00628375031534
34,8,0.998767872884711,0.991205117969287,1.00638833055093
34.2,8,0.998834455416623,0.991214867351137,1.00651261617326
34.4,8,0.998898595721493,0.991198978916199,1.00665802301914
34.6,8,0.998958565064451,0.991154145569917,1.00682443712307
34.8,8,0.99901263433643,0.991078676730962,1.00701010625692
35,8,0.999059074141308,0.990972466415592,1.00721167080892
35.2,8,0.999096154912985,0.990836837187263,1.00742431982599
35.4,8,0.999122147062382,0.99067429160495,1.00764204058766
35.6,8,0.99913532115438,0.990488210413285,1.0078579224701
35.8,8,0.999133948114669,0.990282533764201,1.00806447881157
36,8,0.999116299466503,0.990061451443036,1.00825396080687
36.2,8,0.999080647597313,0.98982911499012,1.00841865053993
36.4,8,0.999025266055143,0.98958937246071,1.0085511324104
36.6,8,0.998948429874854,0.98934551717573,1.00864455160025
36.8,8,0.998848415934011,0.989100035365584,1.00869287467483
37,8,0.998723503338385,0.988854333419864,1.00869117160149
37.2,8,0.998571973836937,0.988608422775057,1.00863594114804
37.4,8,0.998392112266181,0.988360539111288,1.00852550298256
37.6,8,0.998182207023765,0.9881066734508,1.00836047887338
37.8,8,0.997940550571103,0.987839998812717,1.00814437932368
38,8,0.997665439964872,0.987550192980824,1.0078842950716
38.2,8,0.997355182567474,0.987222693642354,1.00759166761473
38.4,8,0.997009020002086,0.98683800620946,1.00728486307867
38.6,8,0.9966281948806,0.986372899370591,1.00699011445344
38.8,8,0.996214210422638,0.985803084333746,1.00673528904481
39,8,0.995768570824691,0.98510533959824,1.0065472257481
39.2,8,0.995292780777471,0.984259817143577,1.0064494173323
39.4,8,0.994788345005481,0.983252097256671,1.0064599446264
39.6,8,0.994256767828894,0.982074401222829,1.00659025338882
39.8,8,0.993699552747801,0.980725648626983,1.0068450871185
40,8,0.993118202048865,0.979210491706023,1.00722344337061
0,9,1.00290813569625,0.984351337541583,1.02181476296641
0.2,9,1.00429626448887,0.98678284300401,1.02212051417092
0.4,9,1.00564647040831,0.98911523061533,1.02245399943497
0.6,9,1.00695459902687,0.991337976447582,1.02281723145
0.8,9,1.00821648010886,0.993440929950751,1.02321178855947
1,9,1.00942792940305,0.995414665481672,1.02363846946727
1.2,9,1.01058475060666,0.997250917297034,1.02409686513683
1.4,9,1.01168273750114,0.998943068269577,1.02458487762546
1.6,9,1.01271767626015,1.00048663267413,1.0250982455093
1.8,9,1.01368534792942,1.00187964731606,1.02563016162623
2,9,1.01458153107832,1.00312287754842,1.0261710765893
2.2,9,1.0154020046223,1.00421976725515,1.02670875898924
2.4,9,1.01614255081558,1.00517611393637,1.02722863114448
2.6,9,1.01679895841234,1.00599951397509,1.02771433531131
2.8,9,1.01736702599528,1.00669867249333,1.02814843593562
3,9,1.01784256546921,1.0072826875815,1.02851314814951
3.2,9,1.01822140571999,1.00776039885145,1.0287910025518
3.4,9,1.01850110895772,1.00814087254754,1.02896781312593
3.6,9,1.0186858796061,1.00843559063816,1.02904035809779
3.8,9,1.01878155001282,1.00865486276097,1.02900990712072
4,9,1.01879397917758,1.00880709405065,1.02887973144684
4.2,9,1.0187290477861,1.00889909294784,1.02865477831967
4.4,9,1.018592653574,1.00893634469167,1.02834138087472
4.6,9,1.01839070702438,1.00892324891297,1.02794700515726
4.8,9,1.0181291274022,1.0088633258254,1.02748002978172
5,9,1.01781383912803,1.00875939859518,1.02694955066908
5.2,9,1.01745076849305,1.00861376076486,1.02636520199969
5.4,9,1.01704584071655,1.00842833777508,1.02573698434637
5.6,9,1.01660497734685,1.00820485088682,1.02507509169127
5.8,9,1.01613409400591,1.00794499004453,1.02438973078837
6,9,1.01563909847765,1.00765059916443,1.02369092938747
6.2,9,1.01512588913965,1.00732387276105,1.02298833440435
6.4,9,1.01460035373756,1.00696755686569,1.02229100707927
6.6,9,1.01406836850122,1.0065851406146,1.02160722874058
6.8,9,1.01353579760174,1.00618101922957,1.02094433644432
7,9,1.01300849294807,1.00576060640053,1.02030861047291
7.2,9,1.01249229432202,1.00533037603018,1.01970523372576
7.4,9,1.01199302985045,1.00489782030784,1.01913833602721
7.6,9,1.01151651681353,1.00447132156955,1.0186111258884
7.8,9,1.0110685627878,1.00405994615987,1.01812610150173
8,9,1.01065496712337,1.00367317599847,1.0176853252604
8.2,9,1.01028152265704,1.00332059536455,1.01729074409299
8.4,9,1.00995236002187,1.00300976326506,1.01694301179419
8.6,9,1.0096657360035,1.0027411969984,1.01663809317003
8.8,9,1.00941861456731,1.00251301709636,1.01637177977616
9,9,1.00920796749686,1.00232251309803,1.01614072152396
9.2,9,1.00903077325956,1.00216634355446,1.01594222150153
9.4,9,1.00888401596376,1.00204071871707,1.01577404855396
9.6,9,1.00876468440668,1.0019415670933,1.01563426643558
9.8,9,1.00866977121276,1.0018646873847,1.01552107801532
10,9,1.00859627206201,1.00180588660836,1.01543268373215
10.2,9,1.00854118500831,1.0017611040226,1.01536715467745
10.4,9,1.00850150988708,1.00172651929265,1.01532232186755
10.6,9,1.00847424781244,1.00169864250223,1.01529568409952
10.8,9,1.00845640076367,1.00167438339473,1.0152843370064
11,9,1.00844497126075,1.00165109771756,1.01528492543803
11.2,9,1.00843696212912,1.00162660967601,1.01529362016166
11.4,9,1.00842937635345,1.00159921104113,1.01530611833803
11.6,9,1.00841921702055,1.0015676390602,1.0153176656252
11.8,9,1.00840348735132,1.00153103663564,1.01532309644463
12,9,1.00837919082173,1.00148889900457,1.01531688817817
12.2,9,1.00834333137293,1.00144101124483,1.01529322497028
12.4,9,1.00829291371026,1.00138738038037,1.01524606736321
12.6,9,1.00822494369133,1.00132816478377,1.01516922506709
12.8,9,1.00813642880298,1.00126360212866,1.01505643161194
13,9,1.00802437872694,1.0011939354368,1.01490142133603
13.2,9,1.00788580628299,1.00111933486578,1.01469801164405
13.4,9,1.00771879103884,1.00104005822448,1.01444208298112
13.6,9,1.00752487413161,1.00095687749974,1.01413596810437
13.8,9,1.00730629960179,1.00087037528809,1.01378360901669
14,9,1.00706531148004,1.00078084571207,1.01338924094295
14.2,9,1.0068041532648,1.00068835744174,1.01295732631751
14.4,9,1.00652506744956,1.00059280566714,1.01249250011233
14.6,9,1.00623029510008,1.00049395709375,1.01199952243421
14.8,9,1.00592207548136,1.00039149144779,1.01148323490468
15,9,1.00560264573445,1.00028504262803,1.01094851768585
15.2,9,1.00527424060299,1.00017424244232,1.01040024421365
15.4,9,1.00493909220942,1.00005876971983,1.00984323084694
15.6,9,1.00459942988079,0.999938407360493,1.00928217887021
15.8,9,1.00425748002409,0.999813109400454,1.00872160677019
16,9,1.0039154660509,0.999683079231208,1.00816577164762
16.2,9,1.00357560835141,0.999548858514902,1.0076185802206
16.4,9,1.00324012431751,0.999411423986341,1.00708349222789
16.6,9,1.00291122841496,0.999272286349681,1.00656342202293
16.8,9,1.00259113230453,0.999133582353063,1.00606064727437
17,9,1.00228204501187,0.99899814874727,1.00557673606591
17.2,9,1.00198617314619,0.99886956631141,1.00511250421173
17.4,9,1.00170572116755,0.998752164325896,1.00466801240632
17.6,9,1.00144289170271,0.998650980834553,1.00424260786665
17.8,9,1.00119988590947,0.998571680628343,1.00383500853377
18,9,1.00097890388956,0.998520438978511,1.00344342180611
18.2,9,1.00078214456871,0.998503801243315,1.00306568652059
18.4,9,1.00061099189359,0.998526992184299,1.00269934106447
18.6,9,1.0004643955774,0.998590389045963,1.00234191896672
18.8,9,1.00034085488394,0.998692823890545,1.00199160543843
19,9,1.0002388714779,0.998832529018193,1.00164719404844
19.2,9,1.00015694909174,0.999007261108889,1.00130796017054
19.4,9,1.00009359321502,0.999214401068415,1.00097355894819
19.6,9,1.0000473108063,0.999451033569395,1.00064394378505
19.8,9,1.0000166100274,0.999714010238848,1.00031930140878
20,9,1,1,1
20.2,9,0.999995990584598,0.999686547437694,1.00030552951659
20.4,9,1.00000309218165,0.999379557249961,1.00062701615053
20.6,9,1.000019815555,0.999079720318149,1.00096079538498
20.8,9,1.00004467167745,0.998787780747081,1.00130314429999
21,9,1.0000761715986,0.998504514586911,1.0016503024156
21.2,9,1.0001128263348,0.998230710280712,1.00199849102831
21.4,9,1.0001531467813,0.997967149824511,1.00234393205472
21.6,9,1.00019564364657,0.997714589668223,1.00268286735412
21.8,9,1.00023882740881,0.997473740357778,1.00301157953019
22,9,1.00028120829461,0.997245243816582,1.0033264153139
22.2,9,1.00032129627984,0.997029646978168,1.00362381281617
22.4,9,1.0003576011127,0.996827370195019,1.00390033422554
22.6,9,1.00038863235893,0.996638668437299,1.00415270593721
22.8,9,1.00041289946935,0.996463582729334,1.00437786866569
23,9,1.00042891186945,0.996301878517085,1.00457304084781
23.2,9,1.00043517975942,0.996152966008185,1.00473580168213
23.4,9,1.00043069375056,0.996015359038072,1.00486560163574
23.6,9,1.00041576455451,0.995886042073495,1.00496609018176
23.8,9,1.0003909279453,0.995761797321735,1.00504157862557
24,9,1.00035671994904,0.995639506296673,1.00509628316117
24.2,9,1.00031367679231,0.995516220478273,1.00513425235504
24.4,9,1.00026233485337,0.995389236731139,1.00515929006028
24.6,9,1.00020323061634,0.9952561748836,1.00517487636022
24.8,9,1.00013690062813,0.995115052914775,1.00518409109394
25,9,1.00006388145827,0.994964353891903,1.00518954582171
25.2,9,0.999984709661715,0.994803078433581,1.00519333045469
25.4,9,0.99989992174435,0.994630777234296,1.00519698001346
25.6,9,0.999810054131519,0.994447560012128,1.00520146515346
25.8,9,0.999715643139355,0.99425407978038,1.00520720755634
26,9,0.999617224949002,0.99405149402794,1.00521411860245
26.2,9,0.99951533558371,0.9938414066225,1.00522165750988
26.4,9,0.999410510888815,0.993625795586741,1.00522890378991
26.6,9,0.99930328651457,0.993406932179269,1.00523463858677
26.8,9,0.999194197901872,0.993187296053833,1.00523743012783
27,9,0.999083780270838,0.992969489964086,1.0052357198169
27.2,9,0.99897256861226,0.992756155865539,1.00522790711855
27.4,9,0.998861097681923,0.992549892621509,1.00521243302658
27.6,9,0.998749901997786,0.992353174016447,1.00518786341289
27.8,9,0.998639515840026,0.992168264479691,1.00515297485371
28,9,0.998530473253934,0.991997128811154,1.00510684664142
28.2,9,0.998423308030412,0.99184132970409,1.00504896515635
28.4,9,0.998318543487518,0.991701308543598,1.00497993265199
28.6,9,0.998216676802358,0.991575493721674,1.00490233991809
28.8,9,0.998118200932466,0.991461817653296,1.00481927321284
29,9,0.998023608671925,0.99135810837397,1.00473392516077
29.2,9,0.997933392669344,0.99126221687837,1.004649465346
29.4,9,0.997848045448268,0.99117213276145,1.00456892288816
29.6,9,0.997768059430019,0.991086089053642,1.00449508010889
29.8,9,0.997693926958969,0.991002654712558,1.0044303788263
30,9,0.997626140330248,0.990920811551333,1.00437684249673
30.2,9,0.997565191819884,0.990840011599483,1.00433601820765
30.4,9,0.99751157371737,0.990760211090741,1.00430894232689
30.6,9,0.997465778360671,0.990681878381735,1.00429613250409
30.8,9,0.997428298173667,0.99060597485836,1.00429760696716
31,9,0.997399625706028,0.990533909858314,1.00431293008517
31.2,9,0.997380253675537,0.990467472353863,1.00434128145349
31.4,9,0.997370675012847,0.990408743205472,1.00438154469039
31.6,9,0.997371382908695,0.990359992003649,1.00443241192798
31.8,9,0.997382870863563,0.990323561864086,1.0044925006324
32,9,0.997405632739793,0.990301744202984,1.00456048072673
32.2,9,0.99744016281617,0.990296643763536,1.00463521174601
32.4,9,0.99748695584497,0.990310032284452,1.0047158916341
32.6,9,0.997546507111491,0.990343187487504,1.0048022205059
32.8,9,0.997619312496056,0.990396712830886,1.00489458392926
33,9,0.997705868538524,0.990470333163705,1.00499426059204
33.2,9,0.997806669395645,0.99056265782806,1.00510365661619
33.4,9,0.997921398046956,0.990669742473912,1.00522613539518
33.6,9,0.99804784464637,0.990783938416362,1.00536500601271
33.8,9,0.998183529373281,0.990897223985049,1.00552341271584
34,9,0.998325971364999,0.991002082618396,1.00570398648259
34.2,9,0.998472688517834,0.991091894643125,1.00590844815154
34.4,9,0.998621197349884,0.991161260689899,1.00613728093286
34.6,9,0.998769012925558,0.991206224591626,1.00638950445582
34.8,9,0.998913648841918,0.991224371687052,1.00666257443245
35,9,0.999052617276888,0.99121479585681,1.00695241461265
35.2,9,0.99918342909939,0.991177949124662,1.00725356720103
35.4,9,0.999303594041479,0.991115403852968,1.00755943170909
35.6,9,0.999410620932508,0.991029564491523,1.00786255528631
35.8,9,0.999502017995358,0.990923362915609,1.00815494049652
36,9,0.999575293204757,0.990799961629389,1.00842834626503
36.2,9,0.999627954707665,0.990662476795805,1.00867457003622
36.4,9,0.999657511305702,0.990513721616968,1.00888571061749
36.6,9,0.999661472999539,0.990355961725365,1.00905442004774
36.8,9,0.999637351595158,0.990190668138117,1.00917415893562
37,9,0.999582661371839,0.990018249369036,1.00923947366829
37.2,9,0.999494919811668,0.989837741837552,1.00924631634554
37.4,9,0.999371648390361,0.989646436675864,1.00919242932977
37.6,9,0.999210373429082,0.989439422470996,1.00907781486497
37.8,9,0.999008627006931,0.989209030289694,1.00890530340387
38,9,0.998763947933688,0.988944185119524,1.00868121649507
38.2,9,0.99847388985782,0.988629706379924,1.00841609582859
38.4,9,0.998137290887092,0.988246082291881,1.00812749912341
38.6,9,0.99775573936123,0.987771168471209,1.00784123611246
38.8,9,0.997331182945314,0.987182087306787,1.00758462016743
39,9,0.996865571803857,0.986457196830135,1.00738376833896
39.2,9,0.996360857790449,0.985578295561865,1.00726138492221
39.4,9,0.995818993674489,0.984532528041425,1.00723484488178
39.6,9,0.995241932405217,0.983313446607735,1.0073151215767
39.8,9,0.994631626413206,0.981920971188144,1.00750681703469
40,9,0.993990026949448,0.980360408059706,1.00780913381683
0,10,1.00147391973424,0.985597751143174,1.01760582422653
0.2,10,1.00260663780692,0.987691604340078,1.01774690172256
0.4,10,1.00370740601709,0.989698128281777,1.01791498650459
0.6,10,1.00477278406548,0.991607651148858,1.01811270458535
0.8,10,1.00579932103748,0.993410679897583,1.01834245863327
1,10,1.00678355665684,0.99509822520954,1.01860610769471
1.2,10,1.0077220226571,0.996662235942485,1.01890453789274
1.4,10,1.00861124427109,0.998096124860314,1.0192371423268
1.6,10,1.00944774183851,0.999395329204794,1.01960126661154
1.8,10,1.01022803253155,1.00055780841854,1.01999171774556
2,10,1.0109486321983,1.00158435735266,1.02040045797537
2.2,10,1.0116060573236,1.00247862899505,1.02081658961614
2.4,10,1.01219682710662,1.00324682326402,1.02122667428081
2.6,10,1.01271746565462,1.00389708680861,1.02161534157081
2.8,10,1.01316450429173,1.0044387423533,1.02196606868399
3,10,1.01353448398164,1.00488149156043,1.02226198695805
3.2,10,1.0138239578651,1.00523470852006,1.02248659823384
3.4,10,1.01403093832941,1.0055076857605,1.02262643881385
3.6,10,1.01415903617861,1.00571121910662,1.02267781359382
3.8,10,1.01421323029419,1.00585472195235,1.02264119664042
4,10,1.01419851753882,1.00594572671381,1.02251901435889
4.2,10,1.01411990923438,1.00599020801707,1.02231530894592
4.4,10,1.01398242788199,1.0059928631775,1.02203544546623
4.6,10,1.0137911041265,1.00595734952118,1.02168586301918
4.8,10,1.01355097396697,1.00588648454302,1.02127386401468
5,10,1.0132670762148,1.00578241786664,1.0208074326042
5.2,10,1.01294445020041,1.00564678507548,1.02029507220551
5.4,10,1.01258813372915,1.00548085358581,1.01974565195595
5.6,10,1.01220316128693,1.00528567011329,1.01916825254635
5.8,10,1.01179456249559,1.00506221780419,1.01857200336535
6,10,1.01136736081805,1.00481158836025,1.01796590562544
6.2,10,1.0109265725128,1.00453517004035,1.0173586405854
6.4,10,1.01047720583733,1.004234846139,1.01675836826667
6.6,10,1.01002426049997,1.00391319101041,1.01617252959069
6.8,10,1.00957272735937,1.00357364354692,1.0156076720245
7,10,1.0091275883709,1.00322063371044,1.01506932313077
7.2,10,1.00869381677929,1.00285963870604,1.01456193542855
7.4,10,1.00827637755664,1.0024971526835,1.01408891867416
7.6,10,1.00788022808511,1.00214056591469,1.01365276360978
7.8,10,1.00751031908381,1.00179796232348,1.01325524829985
8,10,1.00717159577911,1.00147785346703,1.01289770895333
8.2,10,1.00686899923441,1.00118886943833,1.012581354593
8.4,10,1.00660603993594,1.00093784863791,1.01230632952322
8.6,10,1.00638116897455,1.00072536650192,1.0120689363625
8.8,10,1.00619172304339,1.00054980688228,1.01186545293107
9,10,1.00603504475596,1.00040875624814,1.01169297545222
9.2,10,1.00590848174889,1.00029919462738,1.01154922356132
9.4,10,1.00580938585535,1.00021766893919,1.01143236326514
9.6,10,1.00573511234872,1.00016045054838,1.01134084601775
9.8,10,1.0056830192561,1.00012367915501,1.01127326179756
10,10,1.00565046674159,1.00010349425989,1.01122820494292
10.2,10,1.00563481655906,1.00009615404678,1.01120415290434
10.4,10,1.00563343157429,1.00009814009003,1.0111993595037
10.6,10,1.00564367535637,1.00010624524034,1.01121176534722
10.8,10,1.00566291183825,1.00011764166469,1.01123892841605
11,10,1.00568850504648,1.00012992646738,1.01127797740748
11.2,10,1.0057178189,1.00014114353877,1.01132558918047
11.4,10,1.00574821707808,1.00014978200306,1.01137798993456
11.6,10,1.00577706295733,1.00015475346054,1.01143097792713
11.8,10,1.00580171961781,1.00015535172235,1.01147996403162
12,10,1.00581954991836,1.0001511995995,1.01152002557522
12.2,10,1.00582791664093,1.00014218740104,1.01154596880189
12.4,10,1.00582418270415,1.00012840716726,1.01155239593478
12.6,10,1.00580571144604,1.00011008548612,1.01153377399024
12.8,10,1.0057698669757,1.00008751621136,1.01148450402466
13,10,1.00571401459419,1.00006099266319,1.01139899123314
13.2,10,1.00563552153351,1.00003073701893,1.01127171869202
13.4,10,1.00553267472581,0.999997013228327,1.01109897986303
13.6,10,1.00540674779615,0.99996043840204,1.01088272064982
13.8,10,1.00525962112728,0.999921432751831,1.0106263079969
14,10,1.00509317542963,0.999880152842205,1.01033337687887
14.2,10,1.00490929136332,0.999836548777733,1.01000777087297
14.4,10,1.00470984919503,0.999790410765739,1.00965349357209
14.6,10,1.00449672849017,0.99974140899633,1.00927466689654
14.8,10,1.00427180783997,0.99968913020832,1.00887549293647
15,10,1.00403696462385,0.999633113988672,1.0084602162774
15.2,10,1.00379407480675,0.999572891699894,1.00803308391406
15.4,10,1.00354501277157,0.999508030839735,1.0075982999482
15.6,10,1.00329165118662,0.999438187469513,1.00715997243349
15.8,10,1.00303586090799,0.999363168911767,1.00672205016619
16,10,1.00277951091691,0.999283007981707,1.00628824815678
16.2,10,1.00252446829187,0.999198048348848,1.0058619621853
16.4,10,1.00227259821561,0.99910903810055,1.00544617536808
16.6,10,1.0020257640168,0.999017225344729,1.00504336289795
16.8,10,1.00178582724635,0.998924446329961,1.00465540447906
17,10,1.00155464778842,0.998833194139032,1.00428351639959
17.2,10,1.0013340840059,0.998746655808343,1.00392821538954
17.4,10,1.00112599292049,0.998668708649164,1.00358932348718
17.6,10,1.00093223042713,0.998603872436053,1.00326601724847
17.8,10,1.00075465154302,0.998557221434156,1.00295691732778
18,10,1.00059511069098,0.998534266454329,1.00266020824082
18.2,10,1.00045546151703,0.998540818827381,1.00237377542027
18.4,10,1.00033685637431,0.998581490380483,1.002095308055
18.6,10,1.00023835232492,0.998656581278024,1.00182262873721
18.8,10,1.00015861819404,0.99876500912416,1.00155417181166
19,10,1.00009632433767,0.998905153759843,1.00128891535801
19.2,10,1.0000501424023,0.999074972974008,1.00102626366648
19.4,10,1.00001874510237,0.999272094239872,1.00076595385847
19.6,10,1.00000080601538,0.999493886843596,1.00050798228433
19.8,10,0.999994999394705,0.99973751850469,1.00025254659853
20,10,1,1,1
20.2,10,1.0000144829452,0.999750814765168,1.00027822066346
20.4,10,1.0000371235641,0.999505552777445,1.00056897705803
20.6,10,1.00006659729352,0.999264841229179,1.00086899664356
20.8,10,1.00010157957399,0.999029352038074,1.00117495789881
21,10,1.00014074576803,0.998799783787973,1.00148350808791
21.2,10,1.00018277109589,0.998576845186931,1.00179127967841
21.4,10,1.00022633058896,0.998361239144052,1.00209490630986
21.6,10,1.00027009906064,0.998153646607347,1.00239103917073
21.8,10,1.00031275109479,0.997954709279673,1.00267636466698
22,10,1.00035296105174,0.997765010234802,1.00294762436046
22.2,10,1.00038940309187,0.997585051280891,1.00320163833
22.4,10,1.00042075121678,0.997415225646788,1.00343533337997
22.6,10,1.00044567932797,0.997255784172523,1.00364577791494
22.8,10,1.00046286130318,0.997106792634959,1.00383022584963
23,10,1.00047097109024,0.996968077091996,1.00398617267048
23.2,10,1.00046868347563,0.996839152570743,1.00411142964655
23.4,10,1.00045513212619,0.996718762276127,1.00420550839429
23.6,10,1.00043071143929,0.996604345385143,1.00427176845604
23.8,10,1.00039603076071,0.996493156935917,1.0043141906153
24,10,1.00035169968037,0.9963825229159,1.00433668800699
24.2,10,1.0002983279717,0.996269902625755,1.00434304228786
24.4,10,1.00023652553475,0.996152957180195,1.00433683381904
24.6,10,1.000166902343,0.996029622004486,1.00432136800232
24.8,10,1.00009006839382,0.995898179157148,1.00429960193967
25,10,1.00000663366278,0.995757323769075,1.00427407712592
25.2,10,0.999917208061484,0.995606218200199,1.00424686457354
25.4,10,0.999822401399309,0.995444527971551,1.00421952831153
25.6,10,0.999722823348723,0.995272435178651,1.00419311155236
25.8,10,0.999619083414385,0.995090627634555,1.00416814727872
26,10,0.999511790905945,0.994900264843767,1.0041446921485
26.2,10,0.999401554914554,0.99470292439227,1.0041223801326
26.4,10,0.999288984293091,0.994500533916179,1.004100490723
26.6,10,0.999174687640094,0.994295294248588,1.0040780261111
26.8,10,0.999059273287405,0.994089598733683,1.0040537923473
27,10,0.998943349291516,0.993885952353977,1.00402648083545
27.2,10,0.99882752342862,0.993686892622555,1.00399474821039
27.4,10,0.998712403193354,0.993494912467029,1.0039572943715
27.6,10,0.998598595801249,0.993312383768516,1.00391294000883
27.8,10,0.998486708194861,0.993141478882736,1.00386070629472
28,10,0.998377347053606,0.992984086339052,1.00379990054489
28.2,10,0.998271118755459,0.992841714528113,1.00373021394948
28.4,10,0.998168608426371,0.992714829121342,1.0036523497183
28.6,10,0.998070347813966,0.992602036976433,1.00356878394069
28.8,10,0.997976860225294,0.992501481769238,1.00348244495286
29,10,0.997888668834578,0.992411206012792,1.00339636367993
29.2,10,0.997806296709646,0.992329271533906,1.00331355157389
29.4,10,0.997730266841103,0.99225387038566,1.0032368883418
29.6,10,0.997661102174248,0.9921834268048,1.00316901885457
29.8,10,0.997599325643731,0.992116688229005,1.00311226122134
30,10,0.997545460210964,0.992052801563018,1.00306852984003
30.2,10,0.997500028904272,0.99199137004924,1.00303927806815
30.4,10,0.997463554861801,0.991932486397788,1.00302546485865
30.6,10,0.997436561377168,0.991876739197237,1.00302754833943
30.8,10,0.997419571947874,0.991825191734233,1.00304550720794
31,10,0.997413110326474,0.991779334667122,1.00307888849593
31.2,10,0.997417700574514,0.991741015941192,1.00312687831633
31.4,10,0.997433867119227,0.991712352441736,1.00318839109636
31.6,10,0.997462134813019,0.991695627946,1.00326217273585
31.8,10,0.997503028995729,0.991693181015711,1.00334691404911
32,10,0.997557075559684,0.991707284824372,1.00344137249675
32.2,10,0.997624801017549,0.991740018877193,1.00354450224978
32.4,10,0.997706732572995,0.991793130489124,1.00365559472122
32.6,10,0.997803398194183,0.991867882036717,1.00377443355002
32.8,10,0.99791532669008,0.991964878707506,1.00390146931462
33,10,0.998043047789626,0.99208387119134,1.00403801953262
33.2,10,0.998187088775699,0.992223524079736,1.00418649630649
33.4,10,0.998347077638825,0.992379903097583,1.00435013276561
33.6,10,0.998520543400277,0.992545217513422,1.00453184197515
33.8,10,0.998704715304353,0.992711303545549,1.00473431178714
34,10,0.998896820957973,0.992870529296144,1.0049596895854
34.2,10,0.999094086071698,0.993016190229906,1.00520918253341
34.4,10,0.999293734277778,0.993142832987636,1.00548273037707
34.6,10,0.999492987025307,0.993246469532542,1.0057787888065
34.8,10,0.999689063552597,0.993324654977912,1.00609425003036
35,10,0.999879180936863,0.993376424830161,1.00642450483149
35.2,10,1.00006055422134,0.993402112061272,1.00676362569261
35.4,10,1.00023039661994,0.993403081875967,1.00710463312956
35.6,10,1.00038591979944,0.993381426992938,1.00743980241547
35.8,10,1.00052433423948,0.993339659565663,1.00776097457244
36,10,1.00064284967014,0.9932804224885,1.00805984888681
36.2,10,1.00073867558736,0.993206228296189,1.00832824874079
36.4,10,1.00080902184594,0.993119221789393,1.00855836462768
36.6,10,1.00085109933029,0.993020954086923,1.00874298664896
36.8,10,1.00086212070259,0.992912150522051,1.00887574407324
37,10,1.0008393012284,0.992792451573025,1.00895137276301
37.2,10,1.00077985967922,0.992660104020472,1.00896603327064
37.4,10,1.00068101931198,0.992511578834401,1.00891770309345
37.6,10,1.00054000892489,0.992341094546158,1.00880666432268
37.8,10,1.00035406398929,0.992140034171665,1.00863609860817
38,10,1.00012042785685,0.991896267833226,1.00841277727718
38.2,10,0.999836360936175,0.991593446070356,1.00814779747865
38.4,10,0.999500557413816,0.991211088494886,1.00785935091533
38.6,10,0.999114780804254,0.990726804803382,1.00757377349817
38.8,10,0.998681196258451,0.990118077174866,1.00731837419434
39,10,0.9982019723371,0.989364526173101,1.00711835852031
39.2,10,0.997679280010519,0.988450322149718,1.00699440675739
39.4,10,0.997115291704211,0.987365949975757,1.0069608993249
39.6,10,0.996512180390386,0.986108767548016,1.00702534887263
39.8,10,0.995872118725695,0.984682305317191,1.00718909185205
40,10,0.995197278235348,0.983094748504204,1.00744879790476
0,11,1.00099373464928,0.987540420443484,1.01463032405008
0.2,11,1.00173261745986,0.989226869530379,1.01439646231947
0.4,11,1.00244889701171,0.990841125085733,1.01419265478412
0.6,11,1.0031402036327,0.99237421792728,1.0140229864557
0.8,11,1.00380416301029,0.993816889514151,1.01389180271366
1,11,1.00443839680381,0.995159817217454,1.01380348715724
1.2,11,1.00504052331283,0.996394011667884,1.01376206768856
1.4,11,1.00560815820143,0.997511427073321,1.01377060993502
1.6,11,1.00613891527852,0.998505778967237,1.01383040355048
1.8,11,1.00663040733411,0.999373472763728,1.01394003801941
2,11,1.00708024703147,1.00011443254028,1.01409457854225
2.2,11,1.00748604785491,1.00073255054967,1.01428512149903
2.4,11,1.00784542511319,1.00123553565822,1.01449895129204
2.6,11,1.00815599699799,1.00163413582936,1.01472032344569
2.8,11,1.00841538569736,1.00194094198744,1.01493166662503
3,11,1.00862121856357,1.00216910210645,1.01511487472362
3.2,11,1.00877112933647,1.00233122825527,1.01525240628701
3.4,11,1.00886378417401,1.00243898732313,1.01532975860787
3.6,11,1.0089018168831,1.00250334024951,1.01534113178783
3.8,11,1.00888882649321,1.00253301121683,1.01528493609143
4,11,1.00882841996666,1.00253453932987,1.01516181339021
4.2,11,1.0087242104395,1.00251271432676,1.01497419253192
4.4,11,1.00857981558987,1.00247093408803,1.01472592354082
4.6,11,1.00839885613478,1.00241148841142,1.01442198618995
4.8,11,1.0081849544557,1.00233578173896,1.01406826026646
5,11,1.00794173335351,1.00224450995823,1.01367134241327
5.2,11,1.007672814933,1.00213780653763,1.0132383942915
5.4,11,1.00738181961719,1.00201537281613,1.01277700724603
5.6,11,1.00707236529146,1.00187660684344,1.01229506907952
5.8,11,1.00674806657752,1.00172074456696,1.01180061913934
6,11,1.00641253423706,1.0015470255577,1.01130167952468
6.2,11,1.00606937470499,1.00135489153709,1.01080605415087
6.4,11,1.00572218975195,1.00114421828958,1.01032109508412
6.6,11,1.00537457627596,1.00091556952419,1.00985344758156
6.8,11,1.00503012622271,1.00067044642292,1.00940880009595
7,11,1.00469242663446,1.00041149359798,1.00899167852051
7.2,11,1.00436505982697,1.00014261771276,1.00860532841622
7.4,11,1.00405160369441,0.999868984366933,1.00825171961865
7.6,11,1.00375563214172,0.999596881215345,1.00793168525219
7.8,11,1.00348071564447,0.999333462353668,1.00764518011704
8,11,1.00323042193582,0.999086409014221,1.00739162340382
8.2,11,1.00300831675986,0.998863546444148,1.00717028574203
8.4,11,1.00281693164387,0.998671198215701,1.00697987504634
8.6,11,1.00265513777093,0.998510482523442,1.0068169968109
8.8,11,1.00252099920374,0.998380458134772,1.00667871216366
9,11,1.0024125834316,0.998279291876781,1.00656298853292
9.2,11,1.00232796085738,0.998204475928001,1.00646847949916
9.4,11,1.00226520432198,0.99815302022914,1.00639432976316
9.6,11,1.00222238866603,0.998121625009773,1.00634000023154
9.8,11,1.00219759032881,0.998106838394623,1.00630510825511
10,11,1.0021888869842,0.998105202221292,1.0062892798869
10.2,11,1.00219435721366,0.998113386526283,1.00629201370245
10.4,11,1.00221208021607,0.998128310393475,1.00631255848765
10.6,11,1.00224013555448,0.998147244707784,1.00634980925118
10.8,11,1.00227660293972,0.998167891427385,1.00640222694787
11,11,1.00231956205072,0.998188434640198,1.00646778664758
11.2,11,1.00236709239176,0.998207560834809,1.00654395671942
11.4,11,1.00241727318646,0.998224448944571,1.00662770847277
11.6,11,1.00246818330853,0.998238733948928,1.00671555247157
11.8,11,1.00251790124946,0.998250450268901,1.00680359528501
12,11,1.00256450512285,0.998259962315617,1.00688760931638
12.2,11,1.00260607270581,0.998267889243688,1.00696310865828
12.4,11,1.00264068151697,0.998275029521594,1.00702542536256
12.6,11,1.00266640893154,0.998282288843668,1.00706978260045
12.8,11,1.00268133233313,0.998290612622434,1.00709136347413
13,11,1.00268352930244,0.998300922081718,1.00708537645936
13.2,11,1.00267107801429,0.998314050828525,1.00704712094553
13.4,11,1.00264268878579,0.998330615705442,1.00697338693278
13.6,11,1.00259912696505,0.998350772889135,1.00686555936858
13.8,11,1.0025415754639,0.998374328647223,1.00672621650391
14,11,1.00247121754301,0.998400837966003,1.00655819164725
14.2,11,1.00238923665381,0.998429658190704,1.00636451803748
14.4,11,1.00229681629456,0.998459990874251,1.00614838564998
14.6,11,1.00219513988021,0.998490916270675,1.00591310550013
14.8,11,1.00208539062624,0.99852142421673,1.00566207770078
15,11,1.00196875144655,0.998550444841152,1.00539875983437
15.2,11,1.0018464048652,0.998576882516052,1.00512663222522
15.4,11,1.00171953294213,0.998599656586717,1.00484915657556
15.6,11,1.00158931721291,0.998617752490024,1.00456972435511
15.8,11,1.00145693864229,0.998630286600393,1.00429159160491
16,11,1.00132357759177,0.998636587113069,1.00401779784547
16.2,11,1.00119041380112,0.99863629102165,1.00375106903212
16.4,11,1.00105862638368,0.998629453455317,1.00349370829168
16.6,11,1.00092939383567,0.998616660512133,1.003247483304
16.8,11,1.00080389405933,0.998599131374275,1.00301352454203
17,11,1.00068330439993,0.998578792031085,1.00279225204453
17.2,11,1.00056880169662,0.998558303800943,1.00258334752998
17.4,11,1.00046156234718,0.998541036334911,1.00238578216874
17.6,11,1.00036276238653,0.998530985660385,1.00219789945505
17.8,11,1.00027357757918,0.998532649254254,1.00201754118936
18,11,1.00019518352536,0.998550877546865,1.00184219716974
18.2,11,1.00012875545171,0.998590721029242,1.00166915876249
18.4,11,1.00007500677764,0.998656189914162,1.00149583939119
18.6,11,1.00003327078887,0.998747708524667,1.00132048779563
18.8,11,1.00000262455892,0.998864479454027,1.00114206651069
19,11,0.999982145664472,0.999005200113961,1.000960046588
19.2,11,0.999970912087392,0.999168182255453,1.00077428683096
19.4,11,0.999968002125279,0.999351443210375,1.00058494143178
19.6,11,0.999972494310498,0.999552775213558,1.00039238965038
19.8,11,0.999983467337726,0.9997697981554,1.00019718218508
20,11,1,1,1
20.2,11,1.00002117113324,0.999801622356931,1.00024076812079
20.4,11,1.0000460595693,0.999602901586344,1.00048941401926
20.6,11,1.00007374409742,0.999404742727789,1.00074319329645
20.8,11,1.00010330343428,0.99920808660527,1.00099932231162
21,11,1.00013381620248,0.999013895208753,1.00125499265726
21.2,11,1.00016436091746,0.998823138455807,1.00150738437633
21.4,11,1.000194015983,0.998636781526528,1.00175367872892
21.6,11,1.00022185969519,0.998455772011563,1.00199107126851
21.8,11,1.0002469702548,0.998281026091442,1.00221678600979
22,11,1.00026842578833,0.998113412871772,1.00242809156358
22.2,11,1.00028530437734,0.997953735821216,1.00262232029212
22.4,11,1.00029668409643,0.9978027099755,1.00279689182131
22.6,11,1.00030164305967,0.997660933146222,1.00294934267134
22.8,11,1.00029925947552,0.997528848756905,1.00307736438319
23,11,1.00028861171021,0.99740669705004,1.003178853397
23.2,11,1.00026877889682,0.997294449547965,1.00325197888069
23.4,11,1.00023921529647,0.997191309150794,1.00329643733949
23.6,11,1.00020040563451,0.997095070919904,1.00331541154694
23.8,11,1.00015301024762,0.997003291484097,1.00331267955833
24,11,1.00009768958041,0.996913547941826,1.00329200136665
24.2,11,1.00003510413089,0.99682349036503,1.00325706522812
24.4,11,0.999965914400375,0.996730904704804,1.00321142370791
24.6,11,0.999890780847763,0.996633785310931,1.003158420234
24.8,11,0.999810363848099,0.996530413763126,1.00310110946165
25,11,0.999725323655559,0.996419438156181,1.00304217730601
25.2,11,0.999636320370758,0.996299944960561,1.00298386852159
25.4,11,0.999544013912438,0.996171514804281,1.00292793048241
25.6,11,0.999449063993492,0.996034254521862,1.00287558081723
25.8,11,0.999352130101361,0.995888800617543,1.00282750375226
26,11,0.999253871482771,0.995736293273787,1.00278387603048
26.2,11,0.999154947132824,0.995578324119021,1.00274441919313
26.4,11,0.999056015788437,0.995416864037928,1.00270847194029
26.6,11,0.998957735926123,0.99525417866691,1.00267507492739
26.8,11,0.998860765764117,0.995092738792989,1.00264306077952
27,11,0.998765763268837,0.994935131108678,1.00261114387067
27.2,11,0.998673386165681,0.994783972331209,1.00257800685953
27.4,11,0.998584291954156,0.994641827163309,1.00254238350451
27.6,11,0.998499137927341,0.994511128311739,1.00250313954167
27.8,11,0.998418581195673,0.994394094895119,1.00245935529406
28,11,0.998343278715063,0.994292643994104,1.00241041525945
28.2,11,0.998273887095282,0.994208287137662,1.00235611244542
28.4,11,0.998210971957984,0.994141398108115,1.0022972048378
28.6,11,0.998154868926727,0.99409030268269,1.00223605408225
28.8,11,0.998105877869719,0.994052803869577,1.00217547756023
29,11,0.998064298743889,0.994026571395607,1.00211842730579
29.2,11,0.998030431616751,0.99400927103979,1.00206785937839
29.4,11,0.998004576689171,0.993998690497809,1.00202660688991
29.6,11,0.997987034319052,0.993992862146592,1.00199725631637
29.8,11,0.99797810504592,0.993990178767535,1.00198203103571
30,11,0.997978089616431,0.993989494845822,1.00198268947394
30.2,11,0.997987289010789,0.993990204257356,1.0020004470479
30.4,11,0.998006004470086,0.993992285631686,1.00203593061628
30.6,11,0.998034537524556,0.993996309540056,1.00208917128954
30.8,11,0.99807319002276,0.994003406212153,1.00215963689525
31,11,0.998122264161688,0.994015197396553,1.00224630048369
31.2,11,0.9981820625178,0.994033699777316,1.00234773746151
31.4,11,0.998252888078991,0.994061209030413,1.00246224226979
31.6,11,0.998335044277504,0.994100172926071,1.00258795620055
31.8,11,0.998428835023773,0.994153059344028,1.00272300048514
32,11,0.998534564741219,0.994222221503708,1.00286561235266
32.2,11,0.998652538401992,0.99430975891852,1.00301428554969
32.4,11,0.998783061563674,0.994417369110012,1.00316792028614
32.6,11,0.998926440406934,0.994546182274428,1.00332599041512
32.8,11,0.99908298177416,0.994696569158848,1.00348873759043
33,11,0.999252993209051,0.994867911964329,1.00365740258497
33.2,11,0.999436779862575,0.995058325277022,1.00383450051934
33.4,11,0.999633829105194,0.995263085025157,1.00402376751093
33.6,11,0.999841719648984,0.995473448921653,1.00422915893291
33.8,11,1.00005775704562,0.995680329461535,1.00445442963403
34,11,1.00027924476309,0.995875336116802,1.00470262814749
34.2,11,1.00050348400223,0.99605131029173,1.0049755581441
34.4,11,1.00072777358601,0.996202759774871,1.00527334119485
34.6,11,1.00094940992173,0.99632611342849,1.00559416010386
34.8,11,1.00116568703617,0.996419749167162,1.00593422976249
35,11,1.00137389668385,0.996483804110005,1.00628798664258
35.2,11,1.00157132852857,0.996519827274387,1.00664843656369
35.4,11,1.00175527039813,0.996530358761234,1.00700757678659
35.6,11,1.00192300861257,0.996518510695857,1.0073568171717
35.8,11,1.00207182838577,0.996487596912916,1.00768735341535
36,11,1.00219901430054,0.996440827266314,1.00799047648469
36.2,11,1.00230185085722,0.996381059040957,1.00825782577478
36.4,11,1.00237762309565,0.996310584606113,1.00848160684764
36.6,11,1.00242361729054,0.996230928620361,1.00865480044213
36.8,11,1.00243712172001,0.99614262600626,1.00877139153362
37,11,1.00241542750714,0.996044950683333,1.00882664845092
37.2,11,1.00235582953434,0.995935563459964,1.00881748364423
37.4,11,1.00225562743009,0.99581004641303,1.008742928768
37.6,11,1.00211212662776,0.99566129452962,1.00860475329499
37.8,11,1.00192263949607,0.995478752653524,1.00840823860774
38,11,1.00168448654048,0.995247534320231,1.00816307097026
38.2,11,1.00139500550096,0.994947566512856,1.00788422505209
38.4,11,1.0010529557507,0.994553813683576,1.00759456796577
38.6,11,1.00066013956168,0.994039467012667,1.0073249082522
38.8,11,1.00021875752027,0.993379218667402,1.00710538744454
39,11,0.999731013717975,0.992552860942381,1.00696107897027
39.2,11,0.999199114720646,0.991548215810842,1.00690904883741
39.4,11,0.998625268584797,0.990362120847155,1.00695736040774
39.6,11,0.998011683921313,0.988999276562263,1.00710621822255
39.8,11,0.997360569006795,0.987469831607147,1.00735037443179
40,11,0.996674130942755,0.985786855061471,1.00768164861414
0,12,1.00122801674178,0.98592067091613,1.01677302351028
0.2,12,1.00146883312994,0.987266681789516,1.01587528702247
0.4,12,1.00169924161122,0.988546486896289,1.01502699563968
0.6,12,1.00191818637104,0.98975168168335,1.01423424759806
0.8,12,1.00212461104889,0.990873458589993,1.01350351789515
1,12,1.00231745886438,0.991902807268454,1.01284146085943
1.2,12,1.00249567275427,0.992830902205147,1.0122545255782
1.4,12,1.00265819552072,0.993649740935085,1.01174832099166
1.6,12,1.00280396999054,0.994353056528613,1.01132670697417
1.8,12,1.00293193918562,0.994937430096322,1.01099068565673
2,12,1.00304104650439,0.995403382169694,1.01073731413252
2.2,12,1.00313023591432,0.99575609762668,1.01055898387557
2.4,12,1.00319845215547,0.99600545423436,1.01044339679924
2.6,12,1.00324464095504,0.996165239748474,1.0103743530131
2.8,12,1.00326774925281,0.996251757358207,1.01033315048788
3,12,1.00326672543758,0.996282229342173,1.01030018676018
3.2,12,1.00324051959514,0.996273393093565,1.01025636851772
3.4,12,1.00318857862767,0.996240224181628,1.01018539490886
3.6,12,1.00311226288856,0.996194158716177,1.01007841007036
3.8,12,1.00301339556431,0.996143304388372,1.00993086762668
4,12,1.00289380073078,0.996093157387856,1.00974087421886
4.2,12,1.00275530296039,0.996047127313883,1.00950865681109
4.4,12,1.00259972696231,0.996006967788949,1.00923612486003
4.6,12,1.00242889725583,0.995973116353434,1.00892652377271
4.8,12,1.00224463787674,0.995944958471342,1.00858416482619
5,12,1.00204877211695,0.995921033901089,1.00821421329757
5.2,12,1.00184312229721,0.995899204023226,1.00782251621402
5.4,12,1.00162950957294,0.995876798361226,1.00741545148784
5.6,12,1.0014097537732,0.995850758372726,1.00699978035943
5.8,12,1.00118567327271,0.995817796471117,1.0065824851882
6,12,1.00095908489689,0.995774587095849,1.00617057577226
6.2,12,1.00073180385993,0.995718002587741,1.00577085143994
6.4,12,1.00050564373578,0.995645397348627,1.00538961543217
6.6,12,1.00028241646201,0.995554927839402,1.00503235402043
6.8,12,1.00006393237651,0.995445874962299,1.00470341381268
7,12,0.999852000287043,0.995318915712934,1.00440573036023
7.2,12,0.99964842757341,0.995176283047319,1.0041406691185
7.4,12,0.999455020322436,0.995021765436139,1.0039080272881
7.6,12,0.99927358349553,0.994860529951319,1.00370621268979
7.8,12,0.999105921128913,0.994698792100726,1.00353257645634
8,12,0.998953836566428,0.994543383757887,1.00338384819391
8.2,12,0.998819132694624,0.994401275593396,1.00325661714534
8.4,12,0.998703095302762,0.994278299208931,1.00314758288587
8.6,12,0.998605178676236,0.994176501728131,1.00305358369021
8.8,12,0.998524432731557,0.994095998637602,1.00297259432522
9,12,0.998459908609956,0.994035834062097,1.00290367302707
9.2,12,0.998410658519075,0.993994247478109,1.00284669209461
9.4,12,0.99837573558372,0.993968907614473,1.00280210152101
9.6,12,0.998354193705662,0.993957121242646,1.00277071795974
9.8,12,0.998345087432449,0.99395602403129,1.00275353184954
10,12,0.998347471835222,0.993962757815419,1.00275152834737
10.2,12,0.998360402395498,0.993974634766258,1.00276552158264
10.4,12,0.998382934900925,0.993989285053725,1.00279600564055
10.6,12,0.998414125349985,0.994004781645325,1.00284302863048
10.8,12,0.998453029865637,0.994019734753314,1.00290609732741
11,12,0.998498704617894,0.994033349612024,1.00298411870462
11.2,12,0.998550205755337,0.99404544455763,1.00307538138536
11.4,12,0.998606589345542,0.994056430893248,1.00317757553085
11.6,12,0.99866691132445,0.994067260428962,1.00328784527512
11.8,12,0.998730227454648,0.994079349661047,1.00340286474286
12,12,0.998795593292584,0.994094490624501,1.00351892761621
12.2,12,0.998862064164718,0.994114757556472,1.00363204111345
12.4,12,0.998928695152594,0.994142416217245,1.0037380175329
12.6,12,0.998994541086857,0.994179839783542,1.00383255944782
12.8,12,0.999058656550213,0.99422943227288,1.00391133759352
13,12,0.999120095889328,0.994293557786588,1.00397006315931
13.2,12,0.999177913301396,0.994374471290884,1.0040045588995
13.4,12,0.999231404772539,0.994473675949799,1.00401189536776
13.6,12,0.999280653417511,0.994590523755806,1.00399290003662
13.8,12,0.999325902241755,0.994723639044092,1.00394945861645
14,12,0.99936739434488,0.994871360897866,1.00388374631502
14.2,12,0.999405372911216,0.995031803364983,1.00379816607473
14.4,12,0.999440081200958,0.995202901642713,1.00369530099058
14.6,12,0.999471762541909,0.995382449545642,1.00357787559406
14.8,12,0.999500660321801,0.995568132714697,1.00344872154521
15,12,0.999527017981222,0.995757561684358,1.00331074361565
15.2,12,0.999551079007129,0.995948308965011,1.00316688180593
15.4,12,0.999573086926953,0.996137954559348,1.00302006517828
15.6,12,0.999593285303296,0.996324144574402,1.00287315274313
15.8,12,0.999611917729229,0.996504667426928,1.00272885690179
16,12,0.999629227824175,0.99667755100095,1.00258964608645
16.2,12,0.99964545923039,0.996841181322846,1.0024576260321
16.4,12,0.999660855610036,0.996994438357064,1.00233440407728
16.6,12,0.999675660642847,0.997136837583668,1.00222094783241
16.8,12,0.999690118024394,0.99726865861734,1.0021174569561
17,12,0.999704471464936,0.997391037289851,1.00202327161734
17.2,12,0.999718964688874,0.997505998884621,1.00193683995498
17.4,12,0.999733841434792,0.99761641941992,1.00185575763791
17.6,12,0.999749345456094,0.997725917041923,1.00177687746473
17.8,12,0.99976572052224,0.997838691005225,1.0016964715253
18,12,0.999783210420569,0.997959334948559,1.00161041921651
18.2,12,0.999802058867394,0.99809265014715,1.00151439524989
18.4,12,0.999822381537312,0.99824260541958,1.00140465774126
18.6,12,0.999843911356051,0.998410190484415,1.00127969105637
18.8,12,0.999866310030685,0.998595191010568,1.00113904706737
19,12,0.999889239240939,0.99879680338844,1.00098286994717
19.2,12,0.999912360636816,0.999013777371522,1.00081175215111
19.4,12,0.999935335837377,0.999244523944907,1.00062662531172
19.6,12,0.999957826430661,0.999487196586641,1.00042867788077
19.8,12,0.999979493974754,0.99973975263733,1.00021929280305
20,12,1,1,1
20.2,12,1.00001900601236,0.99977243971277,1.00026563312073
20.4,12,1.00003617349792,0.999538333748024,1.00053426120672
20.6,12,1.00005116392854,0.999299462410675,1.0008034308977
20.8,12,1.00006363876864,0.999057645441215,1.00107064507322
21,12,1.00007325948315,0.998814725646758,1.00133337910655
21.2,12,1.00007968754659,0.9985725541599,1.00158909563134
21.4,12,1.00008258445334,0.998332976403204,1.00183525874329
21.6,12,1.00008161172894,0.998097817894504,1.00206934850154
21.8,12,1.0000764309427,0.997868869004594,1.00228887661839
22,12,1.0000667037213,0.99764786767011,1.00249140433456
22.2,12,1.00005209176366,0.997436478855675,1.00267456368575
22.4,12,1.00003225685683,0.997236269223113,1.00283608370288
22.6,12,1.00000686089316,0.997048674957401,1.00297382359604
22.8,12,0.999975565888469,0.996874959952666,1.003085815719
23,12,0.99993803400147,0.996716160482095,1.00317032218992
23.2,12,0.999893927904731,0.996573009929399,1.00322591230078
23.4,12,0.999843155005393,0.996445165707514,1.00325273182626
23.6,12,0.999786294954057,0.996330121438688,1.00325445760346
23.8,12,0.999724041837619,0.996224993438839,1.00323537996992
24,12,0.999657089665581,0.996126906661839,1.00319978331627
24.2,12,0.999586132335049,0.99603305219133,1.00315188713698
24.4,12,0.999511863600543,0.995940758278145,1.00309577369382
24.6,12,0.999434977048618,0.99584757468915,1.00303530252606
24.8,12,0.999356166077309,0.995751367092179,1.00297401508291
25,12,0.999276123880374,0.995650414843444,1.00291503611174
25.2,12,0.999195543436358,0.995543502577853,1.00286098140147
25.4,12,0.999115117502455,0.995429994421213,1.00281388306202
25.6,12,0.999035538613179,0.995309880324332,1.00277514283983
25.8,12,0.998957499083833,0.995183787230202,1.00274552075776
26,12,0.998881691018784,0.995052952879302,1.00272516127448
26.2,12,0.998808806324524,0.994919165615759,1.00271365360018
26.4,12,0.99873953672753,0.994784677970859,1.00271011839201
26.6,12,0.998674573796921,0.994652103960381,1.00271331089266
26.8,12,0.998614608971893,0.994524309709578,1.00272173089796
27,12,0.998560333593957,0.994404304772488,1.00273373218694
27.2,12,0.998512438943952,0.994295138267136,1.00274762729246
27.4,12,0.998471616283859,0.994199800555057,1.0027617868842
27.6,12,0.998438556903394,0.994121128167769,1.00277473606123
27.8,12,0.9984139521714,0.994061707167954,1.00278525236673
28,12,0.998398493592026,0.994023768007824,1.00279247246227
28.2,12,0.998392872360085,0.994009060871148,1.00279601747879
28.4,12,0.998397574774096,0.994017872904644,1.00279657387048
28.6,12,0.998412568387129,0.994047770366449,1.00279653194726
28.8,12,0.998437740227596,0.994095633621743,1.00279881270468
29,12,0.99847297762608,0.994158157958855,1.00280652436265
29.2,12,0.998518168203873,0.994232005818848,1.00282280835655
29.4,12,0.998573199861658,0.994313959391102,1.00285068520267
29.6,12,0.998637960768327,0.994401074794166,1.00289289901859
29.8,12,0.998712339349951,0.99449083289786,1.00295176564216
30,12,0.998796224278871,0.994581276390287,1.00302903474553
30.2,12,0.998889504462945,0.994671119270419,1.00312577976336
30.4,12,0.998992069034916,0.994759814888108,1.0032423295134
30.6,12,0.999103807341929,0.994847572506817,1.00337825153441
30.8,12,0.999224608935171,0.994935319287846,1.00353239024253
31,12,0.999354363559655,0.995024612453393,1.00370295514927
31.2,12,0.99949296114413,0.995117512628295,1.00388764814132
31.4,12,0.999640291791125,0.995216432165534,1.00408381601765
31.6,12,0.999796245767127,0.995323971221956,1.00428861551766
31.8,12,0.999960713492886,0.995442750347451,1.00449918207771
32,12,1.00013358553385,0.995575242851756,1.00471279905234
32.2,12,1.00031475259074,0.995723604545132,1.00492706980446
32.4,12,1.00050410549022,0.995889493421186,1.00514010009686
32.6,12,1.00070153517574,0.996073867802972,1.00535070226456
32.8,12,1.00090693269849,0.996276748645627,1.00555863547534
33,12,1.00112018920845,0.996496930793119,1.00576489728178
33.2,12,1.00134119361583,0.996731625965277,1.00597207905482
33.4,12,1.00156922651022,0.996974874586618,1.00618475055173
33.6,12,1.00180214922757,0.997216572502881,1.00640881215809
33.8,12,1.00203761936681,0.997446268291237,1.00665010491887
34,12,1.00227329235873,0.997654370616025,1.00691359869984
34.2,12,1.00250682143382,0.997832873091211,1.00720266301497
34.4,12,1.00273585764503,0.99797594830568,1.00751846967271
34.6,12,1.00295804994544,0.998080283913537,1.00785965434169
34.8,12,1.00317104532113,0.998145088349256,1.00822230947908
35,12,1.00337248897914,0.998171787555342,1.00860028723701
35.2,12,1.00356002459067,0.998163515500113,1.00898570957266
35.4,12,1.00373129458959,0.9981245304814,1.00936955356923
35.6,12,1.00388394052628,0.998059665009307,1.00974220417692
35.8,12,1.00401560347674,0.997973866845031,1.01009391679923
36,12,1.00412392450713,0.997871841420833,1.01041517950038
36.2,12,1.00420654519351,0.997757775364714,1.01069699511074
36.4,12,1.00426110819686,0.997635107046459,1.01093111731264
36.6,12,1.00428525789317,0.997506306573946,1.01111027827551
36.8,12,1.00427664105853,0.997372628117954,1.01122844495842
37,12,1.00423290760896,0.99723379789008,1.01128114075001
37.2,12,1.00415171139481,0.997087600356382,1.01126586985609
37.4,12,1.0040307110494,0.996929325033841,1.01118268207844
37.6,12,1.0038675708916,0.996751042233769,1.01103490960931
37.8,12,1.00365996188185,0.996540700897853,1.01083008268213
38,12,1.00340556263136,0.996281107659658,1.01058096492932
38.2,12,1.0031020675521,0.995948984299238,1.01030652552479
38.4,12,1.00274845879423,0.995515039847921,1.01003443581104
38.6,12,1.00234647453692,0.994947624354423,1.00980034569006
38.8,12,1.00189821351994,0.994217527974469,1.00963823510485
39,12,1.00140577743362,0.993302320717587,1.00957534293585
39.2,12,1.00087126998413,0.992189443958978,1.00962906346045
39.4,12,1.00029679600145,0.990876800546342,1.0098063447838
39.6,12,0.999684460590457,0.989370934360293,1.01010549839146
39.8,12,0.999036368325232,0.987684034175909,1.01051918498331
40,12,0.998354622486844,0.985831074155493,1.01103726426424
0,13,1.00193890637811,0.979602382202895,1.02478473955593
0.2,13,1.001611533449,0.980715276167675,1.02295303062714
0.4,13,1.00128822033461,0.98175299660768,1.02121216196449
0.6,13,1.00096935901067,0.982707237459846,1.01957085435546
0.8,13,1.00065534100454,0.98356975022926,1.01803772558837
1,13,1.00034655741345,0.984332728945527,1.01662091029011
1.2,13,1.00004339892434,0.984989368839616,1.01532750643828
1.4,13,0.999746255835167,0.985534600683031,1.01416284660501
1.6,13,0.999455518077809,0.985965949461122,1.0131296452602
1.8,13,0.999171575242426,0.98628439278095,1.01222714673349
2,13,0.998894816603386,0.986495027831605,1.01145046501688
2.2,13,0.998625631146699,0.986607339836267,1.01079032246876
2.4,13,0.998364407598972,0.986634934609447,1.0102333248062
2.6,13,0.998111534457883,0.986594742184992,1.00976276542033
2.8,13,0.997867400024183,0.986505852316427,1.00935979821398
3,13,0.997632392435204,0.986388227726372,1.00900473308576
3.2,13,0.997406899699738,0.986261523573238,1.00867822559314
3.4,13,0.997191205002314,0.986143140045548,1.00836304482941
3.6,13,0.996985187087865,0.98604418833153,1.00804758552913
3.8,13,0.99678862745182,0.985971598898969,1.00772432890239
4,13,0.996601308030508,0.985929438298162,1.00738869191545
4.2,13,0.996423011180968,0.985919404786917,1.00703851896041
4.4,13,0.996253519661245,0.985941258141181,1.00667364028222
4.6,13,0.99609261661117,0.985993180183193,1.00629550062703
4.8,13,0.995940085533625,0.986072074434717,1.00590684970097
5,13,0.995795710276289,0.986173818883773,1.00551148044778
5.2,13,0.99565927501386,0.98629348813169,1.00511399887572
5.4,13,0.995530564230753,0.986425561826563,1.00471960852517
5.6,13,0.995409362704279,0.986564135881455,1.00433389307636
5.8,13,0.995295455488288,0.986703151285803,1.00396258228702
6,13,0.995188627897288,0.986836651516666,1.00361129025148
6.2,13,0.995088665491035,0.986959072578013,1.00328522195175
6.4,13,0.994995354059586,0.987065558890167,1.00298885487739
6.6,13,0.994908479608821,0.987152284321433,1.00272561642093
6.8,13,0.99482782834643,0.987216743511127,1.0024975918992
7,13,0.994753186668368,0.987257969330442,1.00230530735343
7.2,13,0.994684341145759,0.987276633276079,1.00214763033281
7.4,13,0.994621078512281,0.987274999328345,1.00202181812965
7.6,13,0.994563185651997,0.987256725280276,1.00192371945953
7.8,13,0.994510449587647,0.987226530468111,1.00184811065607
8,13,0.994462657469408,0.987189765660636,1.00178913062303
8.2,13,0.994419596568646,0.987151923802443,1.00174077585817
8.4,13,0.99438113169465,0.987117922203462,1.00169778385051
8.6,13,0.99434740214264,0.987090897561868,1.00165725222468
8.8,13,0.994318608011089,0.987072358078513,1.00161805377845
9,13,0.994294949446774,0.987062594571155,1.00158029686545
9.2,13,0.994276626654923,0.987060979488405,1.00154502189386
9.4,13,0.994263839909772,0.987066235906608,1.00151392823618
9.6,13,0.994256789565516,0.987076681134016,1.0014891269252
9.8,13,0.994255676067677,0.987090449467766,1.00147291459036
10,13,0.994260699964873,0.987105696601524,1.00146756613613
10.2,13,0.994272061920996,0.98712078528958,1.00147514655628
10.4,13,0.994289962727799,0.987134449037484,1.00149734511363
10.6,13,0.994314603317888,0.987145928580351,1.0015353371239
10.8,13,0.994346184778134,0.987155075316699,1.00158967917541
11,13,0.994384908363482,0.987162416954073,1.00166024252831
11.2,13,0.994430975511185,0.987169183213638,1.00174618684598
11.4,13,0.994484587855443,0.987177292915172,1.0018459729371
11.6,13,0.994545947242459,0.987189307240899,1.0019574097099
11.8,13,0.994615255745913,0.987208356605926,1.00207772791109
12,13,0.994692715682849,0.987238049794982,1.00220367198974
12.2,13,0.994778529629982,0.987282373738582,1.00233160171339
12.4,13,0.994872900440432,0.987345590750142,1.00245759671522
12.6,13,0.994976031260865,0.987432137677541,1.00257755951925
12.8,13,0.995088125549074,0.987546528676145,1.00268731533711
13,13,0.995209387091976,0.987693260455804,1.00278270978473
13.2,13,0.995340019965785,0.987876715566349,1.00285970884284
13.4,13,0.995480014105758,0.988099780887917,1.00291537115158
13.6,13,0.995628661764807,0.988360805247016,1.00294996206353
13.8,13,0.995785113301356,0.988656831002253,1.00296479099565
14,13,0.995948518735045,0.988984521844931,1.00296155304851
14.2,13,0.996118027683607,0.989340242743139,1.00294224596087
14.4,13,0.996292789307015,0.989720123522032,1.00290910373013
14.6,13,0.996471952258896,0.990120112296291,1.00286454068263
14.8,13,0.996654664645222,0.990536024032648,1.00281110071605
15,13,0.996840073990274,0.990963589056473,1.00275140689988
15.2,13,0.997027327209905,0.991398506182371,1.00268810675459
15.4,13,0.997215570592087,0.991836505170174,1.00262380850832
15.6,13,0.997403949784783,0.99227342314088,1.00256100369731
15.8,13,0.997591609791111,0.992705299082225,1.0025019719807
16,13,0.997777694971855,0.993128489169541,1.00244866544493
16.2,13,0.997961349055294,0.993539802825335,1.00240257247484
16.4,13,0.998141715154386,0.993936654912151,1.0023645657976
16.6,13,0.998317935791303,0.994317223399686,1.00233474535922
16.8,13,0.998489152929322,0.994680595397616,1.00231229314268
17,13,0.998654508012091,0.995026879779577,1.00229536170299
17.2,13,0.998813142010278,0.995357264417916,1.00228101839982
17.4,13,0.998964195475589,0.995674002127904,1.00226526122955
17.6,13,0.999106808602185,0.995980321213703,1.00224311036469
17.8,13,0.99924012129549,0.996280270513432,1.00220876550337
18,13,0.999363273248386,0.996578519894301,1.00215580807788
18.2,13,0.999475404216322,0.996880140367004,1.00207742453934
18.4,13,0.999575922492559,0.997189677691707,1.0019678775052
18.6,13,0.999665039306117,0.997509152795321,1.00182558526955
18.8,13,0.999743115697003,0.997839249243014,1.00165061470752
19,13,0.999810513192925,0.998179851755403,1.00144383853587
19.2,13,0.999867593769886,0.998530224764206,1.00120675396407
19.4,13,0.999914719814059,0.998889152044039,1.00094134054301
19.6,13,0.99995225408497,0.999255045128863,1.0006499495038
19.8,13,0.999980559679966,0.999626027455459,1.00033521764459
20,13,1,1,1
20.2,13,1.00001093871672,0.999647316696571,1.00037469300449
20.4,13,1.00001373974086,0.999280310399988,1.00074770738773
20.6,13,1.00000876719195,0.998902211555304,1.00111654863966
20.8,13,0.999996385369378,0.99851630922246,1.00147865539674
21,13,0.999976958724692,0.998125925742013,1.00183142446371
21.2,13,0.9999508518353,0.997734393758018,1.00217223375448
21.4,13,0.999918429379458,0.997345034297535,1.00249846445258
21.6,13,0.99988005611259,0.996961134672361,1.00280752362556
21.8,13,0.999836096844931,0.996585924932311,1.00309686856355
22,13,0.999786916420501,0.996222551454786,1.00336403425714
22.2,13,0.99973287969741,0.995874045985347,1.00360666569955
22.4,13,0.999674351529485,0.995543288018703,1.00382255712332
22.6,13,0.999611696749233,0.995232957782763,1.00400970090863
22.8,13,0.999545280152133,0.994945476195935,1.00416634979267
23,13,0.999475466482253,0.994682926925384,1.00429109725219
23.2,13,0.999402620538707,0.994446952300857,1.00438298456111
23.4,13,0.999327190430604,0.994237487267033,1.00444294881602
23.6,13,0.999249853319028,0.994050930848695,1.0044759663427
23.8,13,0.999171325192927,0.993883112216849,1.00448767547825
24,13,0.999092321822778,0.993729932440531,1.00448364785969
24.2,13,0.999013558754619,0.993587451585689,1.00446929858342
24.4,13,0.998935751309207,0.993451988581349,1.00444978389812
24.6,13,0.998859614586304,0.993320231416244,1.00442988886774
24.8,13,0.998785863474073,0.993189351741217,1.00441391092922
25,13,0.998715212663603,0.993057114876505,1.00440554834527
25.2,13,0.998648376668537,0.99292197429514,1.00440780448098
25.4,13,0.998586069849828,0.992783139613978,1.00442291887215
25.6,13,0.998529006445594,0.992640609336783,1.00445233384054
25.8,13,0.998477900606089,0.99249516376281,1.00449670124236
26,13,0.998433466433785,0.99234831863004,1.00455592878032
26.2,13,0.998396418028563,0.992202244882363,1.00462926048958
26.4,13,0.998367469538012,0.992059663258988,1.00471538269924
26.6,13,0.99834733521285,0.991923723588199,1.0048125455868
26.8,13,0.998336729467457,0.991797877796365,1.00491869131466
27,13,0.998336366945529,0.991685753294185,1.0050315820866
27.2,13,0.99834696259086,0.991591030333049,1.00514892453155
27.4,13,0.998369231723258,0.991517323781819,1.0052684899644
27.6,13,0.998403890119607,0.991468066942824,1.00538823290559
27.8,13,0.998451654100074,0.991446392619295,1.00550641264774
28,13,0.998513240619489,0.991455004589304,1.00562172471502
28.2,13,0.998589366503695,0.99149602784254,1.00573345216933
28.4,13,0.998680400353388,0.991569668411328,1.00584212468697
28.6,13,0.99878582833857,0.99167246035628,1.00595022123692
28.8,13,0.998904999478312,0.991800075895561,1.00606082035412
29,13,0.999037263064635,0.991947999921331,1.00617719181936
29.2,13,0.999181968574774,0.992111713177271,1.00630260994265
29.4,13,0.999338465587715,0.992286866598328,1.0064401761426
29.6,13,0.999506103704995,0.992469448012569,1.00659264962168
29.8,13,0.999684232475764,0.992655937325254,1.00676229001712
30,13,0.999872201326096,0.992843442312316,1.00695071990031
30.2,13,1.00006935949255,0.99302980491318,1.00715881723538
30.4,13,1.00027505595999,0.993213668014038,1.007386647806
30.6,13,1.00048863940364,0.993394495283187,1.00763344504984
30.8,13,1.0007094581354,0.993572541103175,1.0078976402566
31,13,1.00093686005439,0.993748772858338,1.00817694087192
31.2,13,1.0011701926018,0.993924752348477,1.00846845013766
31.4,13,1.00140880271993,0.994102485737954,1.00876881866011
31.6,13,1.00165203681551,0.994284251680446,1.00907441826719
31.8,13,1.00189924072736,0.994472415256548,1.00938153051848
32,13,1.00214975969818,0.994669231789648,1.00968654580391
32.2,13,1.00240293835074,0.994876640290254,1.00998617328179
32.4,13,1.00265812066829,0.995096041949944,1.01027766623621
32.6,13,1.00291464997931,0.995328055327989,1.01055907121163
32.8,13,1.00317186894649,0.99557223718208,1.01082951197396
33,13,1.00342911956004,0.995826757115828,1.01108952012617
33.2,13,1.00368574194202,0.996088012752917,1.01134142332821
33.4,13,1.00394076389054,0.996349254187203,1.01159011578057
33.6,13,1.00419248545985,0.996599995060824,1.01184281843438
33.8,13,1.00443910163033,0.996829464147126,1.012106829875
34,13,1.00467880567488,0.997027750483343,1.01238857402212
34.2,13,1.00490978926692,0.997186507246308,1.01269288866847
34.4,13,1.00513024262085,0.997299535420342,1.01302243583743
34.6,13,1.00533835466513,0.997363159680065,1.01337732154154
34.8,13,1.00553231324791,0.997376336629574,1.01375498480591
35,13,1.0057103053753,0.997340490365891,1.01415036099358
35.2,13,1.00587051748232,0.997259127992374,1.01455626681203
35.4,13,1.0060111357364,0.99713732331561,1.0149639187714
35.6,13,1.00613034637355,0.996981159972297,1.01536349385167
35.8,13,1.00622633606716,0.996797202408572,1.01574466395837
36,13,1.00629729232928,0.996592029841709,1.01609706903844
36.2,13,1.00634140394439,0.996371837925636,1.01641072413405
36.4,13,1.00635686143563,0.996142091614999,1.01667637687776
36.6,13,1.0063418575632,0.995907200774018,1.01688584387849
36.8,13,1.006294587855,0.995670184533435,1.01703235998853
37,13,1.00621325116918,0.995432288201666,1.01711097663664
37.2,13,1.00609605028856,0.995192516000726,1.01711904594497
37.4,13,1.00594119254658,0.994947044561387,1.01705682568073
37.6,13,1.00574689048458,0.994688489625677,1.01692823257667
37.8,13,1.00551136254017,0.994405019888959,1.01674175006707
38,13,1.00523283376629,0.994079361231224,1.0165114471648
38.2,13,1.00490954248241,0.993687827858613,1.01625798390669
38.4,13,1.0045407991029,0.993199728642168,1.01601137008149
38.6,13,1.0041282083704,0.992580130399205,1.01581064134301
38.8,13,1.00367367482327,0.991794980549752,1.01569463980839
39,13,1.00317910506194,0.990815066444504,1.01569743024214
39.2,13,1.00264640698182,0.989619426685694,1.01584486957817
39.4,13,1.00207748904143,0.988197264617385,1.01615267517704
39.6,13,1.00147425956604,0.986547816965876,1.01662653885133
39.8,13,1.00083862608677,0.984678530578221,1.01726393372166
40,13,1.0001724947155,0.982602465530015,1.01805669564023
0,14,1.00288883138694,0.970965805693169,1.03586140956079
0.2,14,1.00195755252047,0.971942950960075,1.03289903595798
0.4,14,1.00104637790629,0.972830281593827,1.03008085755464
0.6,14,1.00015717980929,0.973619212179006,1.0274184936073
0.8,14,0.999291825011631,0.974301665560509,1.02492296465551
1,14,0.998452175247056,0.974870607269576,1.02260416800104
1.2,14,0.997640087670243,0.975320738045874,1.02047019580535
1.4,14,0.996857415360921,0.975649312276657,1.01852652798086
1.6,14,0.99610600786273,0.975856997495382,1.01677518473184
1.8,14,0.99538771175678,0.97594863465621,1.01521397902813
2,14,0.994704371269882,0.975933726219241,1.01383604197847
2.2,14,0.99405782891746,0.975826497284807,1.01262977586854
2.4,14,0.993449926181203,0.975645455038432,1.01157930960746
2.6,14,0.992882504221526,0.97541249123955,1.01066541185713
2.8,14,0.992357404624968,0.975151681837348,1.00986670777055
3,14,0.991876470186674,0.974887989839129,1.00916099322582
3.2,14,0.991441545727053,0.974646057029381,1.00852646096943
3.4,14,0.991053744307272,0.974447341193336,1.00794315155363
3.6,14,0.990711347008489,0.974303443055353,1.0073955707407
3.8,14,0.990411958966473,0.97422046642632,1.00687255325486
4,14,0.990153193967104,0.974201136221607,1.00636645870247
4.2,14,0.989932673447022,0.974245343720863,1.00587260105884
4.4,14,0.989748025552582,0.974350630715769,1.00538874118202
4.6,14,0.98959688425666,0.97451260774957,1.00491464711984
4.8,14,0.989476888532837,0.974725313890604,1.00445171474279
5,14,0.989385681586609,0.974981531841499,1.00400263488041
5.2,14,0.989320910143294,0.975273075045602,1.00357109028258
5.4,14,0.98928022379235,0.9755910641617,1.00316146502181
5.6,14,0.989261274387891,0.975926209287462,1.00277854994597
5.8,14,0.989261715505203,0.976269111386822,1.00242723071931
6,14,0.989279201953118,0.97661059088562,1.00211215048314
6.2,14,0.989311389342121,0.976942042754126,1.00183734781528
6.4,14,0.989355933708117,0.977255805676131,1.00160588238843
6.6,14,0.989410491191795,0.97754551955724,1.00141947407603
6.8,14,0.989472717773556,0.977806433814555,1.00127819306604
7,14,0.989540269063984,0.978035622960251,1.00118024447359
7.2,14,0.98961080014987,0.978232069743685,1.00112188719173
7.4,14,0.989681965495801,0.978396590473296,1.00109751236338
7.6,14,0.989751418901323,0.978531598671882,1.00109988532487
7.8,14,0.989816813513718,0.978640724956143,1.00112053313371
8,14,0.989875801896421,0.978728325509597,1.0011502453144
8.2,14,0.989926036194613,0.978798914264135,1.00117965279182
8.4,14,0.989965875889621,0.978856953366551,1.00120087215533
8.6,14,0.989996188286192,0.978907043008448,1.00121095237919
8.8,14,0.99001839637587,0.978952314493121,1.00120956930383
9,14,0.990033923502347,0.97899441481856,1.00119791783195
9.2,14,0.99004419325516,0.97903386897307,1.00117834087436
9.4,14,0.990050629383853,0.979070409869631,1.00115399144162
9.6,14,0.990054655732604,0.979103279140445,1.00112852466221
9.8,14,0.990057696195327,0.979131502232979,1.00110581628734
10,14,0.990061174691261,0.979154139464649,1.00108970602624
10.2,14,0.990066515161021,0.979170512062351,1.00108376668585
10.4,14,0.990075141583147,0.979180399659101,1.00109110264274
10.6,14,0.990088478011116,0.979184203991711,1.00111418290267
10.8,14,0.99010794863085,0.979183073169865,1.00115471437682
11,14,0.990134977838704,0.979178982077236,1.00121355981303
11.2,14,0.990170990339943,0.979174767030568,1.00129070225538
11.4,14,0.990217411267733,0.979174116200283,1.00138525452731
11.6,14,0.99027566632264,0.979181520701645,1.0014955088287
11.8,14,0.990347181932671,0.979202193927438,1.00161901887514
12,14,0.990433385433877,0.97924196807585,1.00175270562549
12.2,14,0.99053570527155,0.979307176748197,1.00189297772305
12.4,14,0.990655571222064,0.979404531098994,1.00203585916851
12.6,14,0.990794414635392,0.979540994662884,1.00217711910111
12.8,14,0.990953668698369,0.979723659031873,1.00231240151649
13,14,0.991134768718773,0.979959619256989,1.00243735604946
13.2,14,0.991339152239638,0.980255843640309,1.00254777478665
13.4,14,0.991567557399125,0.980616916636861,1.00264048499029
13.6,14,0.991818439880602,0.981040047336896,1.00271525138808
13.8,14,0.992089791428551,0.981520437535837,1.00277295980483
14,14,0.992379602926622,0.982052786446084,1.00281501147074
14.2,14,0.992685864001837,0.982631395895856,1.00284321130475
14.4,14,0.993006562669592,0.983250255567359,1.00285967679296
14.6,14,0.993339685019494,0.983903115920982,1.00286675981405
14.8,14,0.993683214942054,0.984583555338736,1.0028669748784
15,14,0.994035133896303,0.985285047405316,1.00286292786271
15.2,14,0.99439342071839,0.986001033963769,1.00285723960443
15.4,14,0.994756051471247,0.986725009432947,1.00285245887032
15.6,14,0.995120999335415,0.987450621585734,1.00285095950222
15.8,14,0.995486234541115,0.988171793194868,1.00285481733582
16,14,0.995849724341687,0.98888286720334,1.00286566423796
16.2,14,0.99620943302848,0.989578774907211,1.0028845197776
16.4,14,0.996563321987322,0.990255221776843,1.0029116059074
16.6,14,0.996909349796651,0.990908879218571,1.00294615635669
16.8,14,0.997245472367427,0.991537563864036,1.0029862391514
17,14,0.997569643124898,0.992140380887594,1.00302861576308
17.2,14,0.99787981323232,0.992717806919028,1.00306866132179
17.4,14,0.998173931856695,0.9932716932559,1.00310036519037
17.6,14,0.998449946476581,0.993805181210916,1.00311642006575
17.8,14,0.998705803232025,0.994322535749327,1.0031083934527
18,14,0.998939447316631,0.99482891623348,1.00306696269277
18.2,14,0.999148823908386,0.995330108675861,1.00298219014554
18.4,14,0.99933257465292,0.995831636288173,1.00284582089079
18.6,14,0.999491424126012,0.996336730462794,1.00265610647258
18.8,14,0.99962648660592,0.996847036954554,1.0024136860324
19,14,0.999738878732688,0.997363124625837,1.00212029196954
19.2,14,0.999829719247569,0.997884713889423,1.00177851567075
19.4,14,0.999900128744756,0.998410858970717,1.00139161997346
19.6,14,0.999951229435507,0.998940092060177,1.00096339029443
19.8,14,0.999984144924718,0.999470537108961,1.00049801667321
20,14,1,1,1
20.2,14,0.999999920433299,0.999474076872288,1.00052604065126
20.4,14,0.99998503279511,0.998925158607649,1.00104603152457
20.6,14,0.999956464281307,0.998358280841131,1.00155720611195
20.8,14,0.999915342552626,0.99777856083828,1.00205670026838
21,14,0.999862795586821,0.997191160172873,1.0025415887415
21.2,14,0.999799951543506,0.99660125077285,1.00300891889431
21.4,14,0.999727938641704,0.996013982547804,1.00345574340651
21.6,14,0.999647885050109,0.99543445088859,1.00387915366313
21.8,14,0.999560918790069,0.994867662276692,1.00427631559158
22,14,0.999468167651284,0.994318496050132,1.00464450989942
22.2,14,0.999370759120232,0.993791660023497,1.00498117901385
22.4,14,0.999269820321307,0.993291637118128,1.00528398356607
22.6,14,0.999166477970677,0.992822619374536,1.00555087204728
22.8,14,0.999061858342844,0.992388424625885,1.00578016835669
23,14,0.998957087249903,0.991992389628998,1.00597068344448
23.2,14,0.998853289900083,0.991637228944743,1.00612186152585
23.4,14,0.998751497946351,0.991323134928422,1.00623552452663
23.6,14,0.998652486804113,0.991044999126963,1.00631837129353
23.8,14,0.998556988037884,0.990796896645873,1.00637785779791
24,14,0.99846573296445,0.990573054524775,1.00642129861135
24.2,14,0.998379452681288,0.99036797394768,1.00645573943897
24.4,14,0.998298878100343,0.990176564507289,1.00648781817242
24.6,14,0.998224739987162,0.989994286191459,1.00652361879362
24.8,14,0.998157769005373,0.989817290793419,1.00656852642689
25,14,0.998098695766528,0.989642551475334,1.00662709480886
25.2,14,0.998048250885284,0.989467967942391,1.00670293871824
25.4,14,0.998007165039956,0.989292435669093,1.0067986629226
25.6,14,0.997976169038417,0.98911587092264,1.00691583589653
25.8,14,0.997955993889364,0.988939188345043,1.00705501154863
26,14,0.997947370878952,0.988764233432805,1.0072157966178
26.2,14,0.997951031652808,0.988593677068939,1.00739695658346
26.4,14,0.997967708303422,0.988430882284185,1.00759654991237
26.6,14,0.997998133462938,0.988279754217706,1.00781207967162
26.8,14,0.998043040401356,0.988144583008258,1.00804065277688
27,14,0.998103163130149,0.988029886694076,1.00827913979779
27.2,14,0.998179236511325,0.987940257875312,1.00852433156751
27.4,14,0.998271996371944,0.98788021451138,1.00877309222488
27.6,14,0.998382179624114,0.987854052152582,1.00902251139122
27.8,14,0.998510524390488,0.987865692256858,1.00927006083265
28,14,0.998657770135295,0.987918518959911,1.00951376324192
28.2,14,0.998824656549511,0.988015190609638,1.00975238438962
28.4,14,0.999011417090869,0.988155829383859,1.00998626107403
28.6,14,0.999217001413565,0.988335623706069,1.01021818091508
28.8,14,0.999440159208802,0.988548640593617,1.01045167715723
29,14,0.999679640013881,0.988788728100755,1.01069050875795
29.2,14,0.999934192999158,0.989049744796123,1.01093842406782
29.4,14,1.00020256677073,0.989325772770484,1.01119894185435
29.6,14,1.00048350918881,0.989611315974908,1.0114751478692
29.8,14,1.00077576720184,0.989901480485707,1.0117695103628
30,14,1.00107808669629,0.990192129409985,1.01208372183351
30.2,14,1.0013892123622,0.990480003050255,1.01241857639452
30.4,14,1.00170788757446,0.990762795006228,1.01277389208239
30.6,14,1.00203285428988,0.991039177119077,1.01314848520432
30.8,14,1.00236285296003,0.991308770061064,1.01354019992407
31,14,1.00269662245989,0.991572060983585,1.01394599167626
31.2,14,1.0030329000324,0.991830273798084,1.01436205883772
31.4,14,1.00337042124883,0.992085200369023,1.0147840143796
31.6,14,1.00370791998518,0.992339001581733,1.01520708854051
31.8,14,1.00404412841442,0.992593985890875,1.01562635491759
32,14,1.00437777701478,0.992852369981163,1.01603697534639
32.2,14,1.00470759459414,0.993116022237068,1.01643446287505
32.4,14,1.00503230833036,0.993386185513895,1.01681496634192
32.6,14,1.00535064382783,0.993663171873175,1.01717558389498
32.8,14,1.00566132519014,0.993946019160194,1.0175147155755
33,14,1.00596307510885,0.994232098485892,1.01783246590364
33.2,14,1.00625461508187,0.99451666094027,1.01813110844844
33.4,14,1.00653469500985,0.994791613304495,1.01841639867995
33.6,14,1.0068021327773,0.995045348514586,1.01869782726798
33.8,14,1.0070557552878,0.995266019107456,1.01898515049049
34,14,1.00729438881156,0.995442726042572,1.01928715654491
34.2,14,1.00751685915246,0.995566302656236,1.01961086747121
34.4,14,1.00772199182884,0.995629966877443,1.01996087562567
34.6,14,1.00790861226782,0.995629764935504,1.02033889148489
34.8,14,1.00807554601333,0.995564749716511,1.02074355963229
35,14,1.00822161894759,0.995436879990579,1.02117055671367
35.2,14,1.00834565752634,0.995250676325395,1.02161293555333
35.4,14,1.00844648902745,0.995012706337996,1.02206164278503
35.6,14,1.00852294181311,0.994730984399295,1.02250612488722
35.8,14,1.00857384560541,0.994414359589714,1.02293494882655
36,14,1.00859803177535,0.994071940031476,1.02333638918417
36.2,14,1.00859433364511,0.993712572904883,1.0236989624548
36.4,14,1.00856158680357,0.993344375216866,1.02401191344509
36.6,14,1.00849862943507,0.99297429357924,1.02426567550537
36.8,14,1.00840430266103,0.992607661227311,1.02445233635206
37,14,1.00827745089471,0.99224771528929,1.02456614645501
37.2,14,1.00811692220869,0.991895035350452,1.02460410892614
37.4,14,1.00792156871501,0.991546865710004,1.02456668848777
37.6,14,1.00769024695798,0.991196291079035,1.02445866974421
37.8,14,1.00742181831924,0.990831255203878,1.02429017523959
38,14,1.00711514943518,0.990433455056811,1.02407781062248
38.2,14,1.00676911711305,0.989977218962658,1.02384583782106
38.4,14,1.00638341314992,0.989428062954296,1.0236293189817
38.6,14,1.00595947332023,0.988744772207308,1.02347389377705
38.8,14,1.00549896090832,0.98788586210916,1.02342608510373
39,14,1.00500354034919,0.986813714120914,1.02352865759893
39.2,14,1.00447487664572,0.985498342765374,1.02381681838368
39.4,14,1.00391463481284,0.983920163363455,1.02431541858657
39.6,14,1.00332447934866,0.982070987740337,1.02503792844598
39.8,14,1.00270607373271,0.979953140772437,1.02598729313522
40,14,1.00206107995138,0.977577260622309,1.02715810647449
