"value","lag","rr","lo","hi"
0,0,1.08879935643221,1.04500507275758,1.1344289797933
0.2,0,1.08797452587661,1.04736007573906,1.13016392010281
0.4,0,1.08714393997851,1.04958100490512,1.12605119634271
0.6,0,1.08630700663831,1.05165067935843,1.12210540613294
0.8,0,1.08546313572833,1.05355071839324,1.11834219127304
1,0,1.08461173912941,1.05526162026397,1.11477817639483
1.2,0,1.08375223077055,1.05676307542877,1.1114306744902
1.4,0,1.08288402667187,1.05803467171121,1.10831700186584
1.6,0,1.08200654499062,1.05905718149044,1.10545321240817
1.8,0,1.08111920607035,1.05981458872331,1.10285209334794
2,0,1.08022143249316,1.06029684291179,1.10052043540286
2.2,0,1.079312649135,1.06050297138995,1.09845594591406
2.4,0,1.07839228322415,1.06044373022612,1.09664462466991
2.6,0,1.0774597644025,1.06014272790396,1.09505966824069
2.8,0,1.07651452479007,1.05963526401037,1.09366266058191
3,0,1.07555599905233,1.05896498454261,1.092406948278
3.2,0,1.07458364992733,1.05817918284902,1.09124242794323
3.4,0,1.0735973787646,1.05732104142776,1.09012427307204
3.6,0,1.07259745409637,1.05642429174056,1.08901821695005
3.8,0,1.0715841555014,1.05551410836111,1.08789886674712
4,0,1.0705577621563,1.05460807499006,1.08674866928542
4.2,0,1.06951855280345,1.05371736123117,1.08555669373642
4.4,0,1.06846680571947,1.0528478966366,1.0843174199914
4.6,0,1.06740279868451,1.05200141913018,1.08302965558884
4.8,0,1.06632680895206,1.05117636272975,1.08169561626856
5,0,1.06523911321961,1.05036859590225,1.08032015880881
5.2,0,1.06413998759985,1.04957204240628,1.07891013427992
5.4,0,1.06302970759266,1.04877922286265,1.07747382346124
5.6,0,1.06190854805771,1.04798175429054,1.07602041716979
5.8,0,1.06077678318779,1.04717083933186,1.0745595097627
6,0,1.05963468648279,1.04633776734417,1.07310058361695
6.2,0,1.05848253072434,1.04547443549329,1.07165247643762
6.4,0,1.0573205879512,1.04457387942632,1.07022284179597
6.6,0,1.05614912943524,1.04363078198762,1.06881763441512
6.8,0,1.05496842565814,1.04264190946915,1.06744067069227
7,0,1.05377874628878,1.04160641487033,1.06609332496112
7.2,0,1.05258036016122,1.04052595267262,1.06477441696806
7.4,0,1.05137353525346,1.03940457109573,1.06348032457281
7.6,0,1.05015853866676,1.03824837989327,1.06220532359326
7.8,0,1.0489356366057,1.03706502303589,1.06094212542286
8,0,1.04770509435884,1.03586300444133,1.05968256423781
8.2,0,1.04646722765548,1.03465087653847,1.05841852878983
8.4,0,1.04522306967498,1.03343570399617,1.05714488202437
8.6,0,1.0439741774087,1.03222206114787,1.05586009456547
8.8,0,1.04272211285592,1.03101250751517,1.05456470868538
9,0,1.04146843064845,1.02980805072221,1.05326083950953
9.2,0,1.0402146780149,1.02860855564416,1.05195175601084
9.4,0,1.03896239476822,1.02741311048023,1.05064150606172
9.6,0,1.03771311331595,1.02622035718222,1.04933457810628
9.8,0,1.03646835869329,1.02502879222231,1.04803559346201
10,0,1.03522964861855,1.0238370404502,1.04674902649316
10.2,0,1.03399849357099,1.02264410096819,1.04547895371893
10.4,0,1.03277639689073,1.02144956052639,1.04422883634599
10.6,0,1.03156485490061,1.02025376774084,1.04300134291337
10.8,0,1.03036535704982,1.01905796106767,1.04179821910826
11,0,1.02917938607906,1.01786434513414,1.04062021014253
11.2,0,1.02800841820723,1.01667611342985,1.03946703767801
11.4,0,1.02685392333923,1.0154974197134,1.03833742893682
11.6,0,1.02571736529504,1.01433330473727,1.03722919138528
11.8,0,1.02460020205958,1.01318958804207,1.03613932323289
12,0,1.02350388605357,1.01207273597562,1.03506414858308
12.2,0,1.02242986442501,1.0109897165983,1.03399946656777
12.4,0,1.02137957936129,1.00994785001392,1.03294070592048
12.6,0,1.0203544684218,1.00895465940828,1.03188307970046
12.8,0,1.01935596489095,1.00801772415762,1.03082173880137
13,0,1.01838549815155,1.00714453203489,1.02975192721341
13.2,0,1.01744440176312,1.00634186121875,1.02866943190203
13.4,0,1.01653293683079,1.00561066544891,1.02757383862924
13.6,0,1.0156506774721,1.00494775403172,1.02646758949517
13.8,0,1.01479719014001,1.0043492584636,1.02535380838674
14,0,1.01397204495958,1.00381082080951,1.02423612761056
14.2,0,1.01317481561717,1.00332769677551,1.0231185786059
14.4,0,1.01240507925171,1.00289483979419,1.02200550229674
14.6,0,1.01166241634807,1.00250697438123,1.02090147081811
14.8,0,1.0109464106324,1.00215866624219,1.01981121313134
15,0,1.01025664896951,1.0018443963959,1.01873953725622
15.2,0,1.00959272126213,1.00155864671847,1.01769124171115
15.4,0,1.00895422035211,1.00129600448278,1.01667100858171
15.6,0,1.00834074192354,1.00105129317889,1.01568327092828
15.8,0,1.00775188440763,1.00081973544405,1.01473204870059
16,0,1.00718724888946,1.00059715043384,1.01382075082433
16.2,0,1.00664643901659,1.00038018165458,1.01295194743739
16.4,0,1.00612906090926,1.00016654201964,1.01212712551054
16.6,0,1.00563472307251,0.999955251951767,1.01134645202893
16.8,0,1.00516303630987,0.99974683689506,1.01060857836925
17,0,1.00471361363882,0.999543447220103,1.00991052288785
17.2,0,1.00428607020788,0.999348870229511,1.00924766201211
17.4,0,1.00388002321529,0.999168421359191,1.00861384273918
17.6,0,1.00349509182942,0.999008725050025,1.00800160606736
17.8,0,1.00313089711064,0.998877416611561,1.00740249003878
18,0,1.00278706193484,0.998782806523407,1.00680737094802
18.2,0,1.00246305478747,0.998733003211605,1.00620703729854
18.4,0,1.00215683063955,0.998730565018021,1.0055948504784
18.6,0,1.00186549606375,0.998773789182399,1.00496677333186
18.8,0,1.00158615224583,0.99885965571237,1.0043200910494
19,0,1.00131590409906,0.998984146613542,1.00365310420645
19.2,0,1.00105185995992,0.999142471349939,1.00296489746379
19.4,0,1.00079113136747,0.999329241488739,1.00225515980268
19.6,0,1.00053083292612,0.999538605614263,1.00152404520747
19.8,0,1.00026808225157,0.999764353913856,1.00077206439133
20,0,1,1,1
20.2,0,0.99972370998008,0.999208839366664,1.00023884589514
20.4,0,0.99943633934785,0.998399720220808,1.00047403477649
20.6,0,0.999135018884182,0.997573885774428,1.00069859505767
20.8,0,0.998816883354676,0.996732646359015,1.00090547863425
21,0,0.998479071951773,0.99587734531045,1.00108759559631
21.2,0,0.998118728818831,0.995009327134581,1.00123784737565
21.4,0,0.997733003655868,0.994129906160159,1.00134916012051
21.6,0,0.997319052406657,0.993240333911347,1.00141452006528
21.8,0,0.99687403802678,0.992341763308786,1.0014270127847
22,0,0.996395131332187,0.991435207521152,1.00137986850876
22.2,0,0.995879511927778,0.990521490806191,1.00126651615635
22.4,0,0.995324369215399,0.989601187949778,1.00108064947504
22.6,0,0.99472690348062,0.988674547858841,1.00081630972604
22.8,0,0.994084327057546,0.987741395389538,1.00046799082642
23,0,0.993393865570826,0.986801003476582,1.00003077487463
23.2,0,0.992655330910983,0.985853938783323,0.999503645744994
23.4,0,0.991889606069538,0.984916558492498,0.998912021678918
23.6,0,0.991127822930154,0.984013055746708,0.998294032431138
23.8,0,0.990401089224053,0.983167651050811,0.997687745816097
24,0,0.98974042384137,0.982404662467527,0.997130962433796
24.2,0,0.989176772684569,0.98174865257586,0.996661095537436
24.4,0,0.9887410342195,0.981224595676225,0.99631505065944
24.6,0,0.988464094702961,0.980858059289386,0.996129110897867
24.8,0,0.988376873092292,0.980675390050159,0.996138837759282
25,0,0.98851037567772,0.980703891408016,0.996379000209319
25.2,0,0.988895760521912,0.980971980018834,0.996883545195079
25.4,0,0.989564411843674,0.981509309901035,0.997685620818261
25.6,0,0.990548024544104,0.982346858152699,0.998817658737509
25.8,0,0.991878699144153,0.983516972261374,1.00031151628611
26,0,0.993589047482824,0.985053385222522,1.00219867277022
26.2,0,0.995712309615779,0.986991209289361,1.00451046999115
26.4,0,0.998282482455626,0.989366921264899,1.00727838515529
26.6,0,1.00133446080844,0.992218351704231,1.01053432511135
26.8,0,1.00490419158738,0.995584687802418,1.01431093370763
27,0,1.00902884212471,0.999506496002845,1.01864190809285
27.2,0,1.01374698365985,1.00402576631463,1.02356232415393
27.4,0,1.01909879125502,1.00918597652052,1.02910897545188
27.6,0,1.02512626158389,1.01503217108169,1.03532073379414
27.8,0,1.03187345025456,1.02161104651416,1.04223894306285
28,0,1.03938673057014,1.02897103208243,1.04990786135051
28.2,0,1.04770276335708,1.0371497452266,1.05836315864517
28.4,0,1.0567741654962,1.04609777896087,1.06755951434055
28.6,0,1.06651586876184,1.0557264929718,1.07741551045003
28.8,0,1.07684028524299,1.06594430396407,1.08784764420609
29,0,1.08765687352218,1.07665646691444,1.09876967340415
29.2,0,1.09887164667433,1.08776479746096,1.11009190468686
29.4,0,1.11038675939328,1.09916748198128,1.12172055273457
29.6,0,1.12210017958402,1.11075897876682,1.13355717765195
29.8,0,1.13390545072734,1.12243000758321,1.14549821592672
30,0,1.14569155207325,1.13406762013777,1.15743462663413
30.2,0,1.15734286422494,1.14555534147459,1.16925167809722
30.4,0,1.16873924790968,1.15677337274832,1.18082890027041
30.6,0,1.17975624366573,1.16759884917777,1.19204022464428
30.8,0,1.1902653997761,1.17790615239019,1.20275432726907
31,0,1.20013473502163,1.18756728232545,1.21283518301804
31.2,0,1.20922934168127,1.19645229869652,1.22214283208446
31.4,0,1.21741213265799,1.20442984441448,1.23053435417268
31.6,0,1.22454473463941,1.21136776283479,1.23786504242445
31.8,0,1.23048852681338,1.21713381739136,1.24398976758733
32,0,1.23510582185738,1.22159651691494,1.24876452254342
32.2,0,1.23826118273291,1.22462604366719,1.25204813713711
32.4,0,1.23982286528194,1.22609527485247,1.2537041523636
32.6,0,1.23966437280136,1.22588088305648,1.25360284056423
32.8,0,1.23766610474126,1.2238644977913,1.251623353394
33,0,1.23371707753257,1.21993391060555,1.24765597067467
33.2,0,1.22774817408138,1.21401503699741,1.24163666266299
33.4,0,1.21988773183164,1.2062241847987,1.2337060531759
33.6,0,1.21033862394618,1.19675026084871,1.22408127454849
33.8,0,1.19930608581562,1.18578565724951,1.21298067545419
34,0,1.18699517182631,1.17352465455316,1.20062031289446
34.2,0,1.17360862196836,1.160162003897,1.18721109028904
34.4,0,1.15934504017645,1.14589152716869,1.17295650619106
34.6,0,1.14439738662172,1.13090469677492,1.15805105615127
34.8,0,1.12895177914507,1.11538919531885,1.14267927731762
35,0,1.11318659329361,1.09952750076109,1.12701536853865
35.2,0,1.09727184598817,1.0834955757466,1.1112232767251
35.4,0,1.08136884466082,1.06746174845774,1.09545712517808
35.6,0,1.06563008168041,1.05158585613462,1.07986187181737
35.8,0,1.05019935292887,1.03601869051362,1.06457411530427
36,0,1.03521207939053,1.02090174913463,1.04972300245784
36.2,0,1.02079581145323,1.00636726710896,1.03543122152008
36.4,0,1.00707089718094,0.992538484694411,1.0218160883314
36.6,0,0.994151297997658,0.979530096887912,1.00899074612459
36.8,0,0.98214553793145,0.967448830371677,0.99706550609821
37,0,0.971157775731641,0.956394098970276,0.986149356608839
37.2,0,0.961288992739998,0.946458701385495,0.976351663533073
37.4,0,0.952638293338727,0.937729546716432,0.967784070698324
37.6,0,0.945304319112157,0.930288428412277,0.960562583001496
37.8,0,0.939386782570698,0.924212919937027,0.954809771896128
38,0,0.934988131452238,0.919577534051851,0.950656984957676
38.2,0,0.932190386694504,0.916430535315185,0.94822126015998
38.4,0,0.93095500895438,0.914696775224257,0.947502223876067
38.6,0,0.931211073105937,0.914270949185157,0.948465073125162
38.8,0,0.932894950052527,0.915060140853981,0.951077365277112
39,0,0.935949315940772,0.916984580706821,0.955306272799886
39.2,0,0.940322234073053,0.919977281618053,0.961117107519219
39.4,0,0.9459663122109,0.923982558600914,0.968473111865733
39.6,0,0.952837923062946,0.928953813944511,0.977336110793061
39.8,0,0.96089647751323,0.934851108723382,0.987667481892606
40,0,0.970103741688093,0.941638936658825,0.999429009357349
0,1,1.07741861911573,1.04593679937458,1.10984801520642
0.2,1,1.07641647023675,1.04729373442689,1.10634903972858
0.4,1,1.07541963926653,1.04856449225351,1.10296258271592
0.6,1,1.07442852982254,1.04973822625281,1.09969956016311
0.8,1,1.07344354407031,1.05080318013193,1.09657171208936
1,1,1.072465082746,1.05174664373498,1.09359165589997
1.2,1,1.07149354518052,1.05255502573377,1.09077282355204
1.4,1,1.07052932932511,1.05321415195474,1.0881291737471
1.6,1,1.06957283177845,1.05370994639538,1.08567452209406
1.8,1,1.06862444781518,1.05402967760541,1.08342130656382
2,1,1.06768457141594,1.05416389426014,1.08137866440559
2.2,1,1.06675359529886,1.05410894868019,1.07954992176837
2.4,1,1.06583191095247,1.05386959672156,1.07793000760105
2.6,1,1.0649199086701,1.053460749477,1.076503716389
2.8,1,1.06401797758568,1.05290742942013,1.07524576709371
3,1,1.063126505711,1.0522426081355,1.07412298115163
3.2,1,1.0622458300668,1.05150337809304,1.07309802992803
3.4,1,1.06137543190929,1.05072347933924,1.07213537111501
3.6,1,1.06051407645128,1.04992874371169,1.07120613002301
3.8,1,1.05966051078558,1.04913829736414,1.0702882555517
4,1,1.05881348616497,1.04836523054026,1.06936587157425
4.2,1,1.05797175791848,1.04761750339861,1.06842834996737
4.4,1,1.05713408538213,1.0468988873467,1.06746934969911
4.6,1,1.0562992318444,1.04620981278457,1.06648595105925
4.8,1,1.05546596450616,1.0455480819223,1.0654779263549
5,1,1.05463305445502,1.04490945200212,1.06444714172885
5.2,1,1.05379927665398,1.04428811499145,1.06339706402341
5.4,1,1.05296340994444,1.04367710677078,1.06233233965659
5.6,1,1.05212423706332,1.04306867911066,1.06125841220723
5.8,1,1.05128054467428,1.04245466434358,1.06018114879517
6,1,1.05043112341305,1.04182685596665,1.05910645201309
6.2,1,1.04957476794656,1.04117741749578,1.05803984508196
6.4,1,1.0487102770461,1.04049931583605,1.05698603395854
6.6,1,1.04783645367413,1.03978675508792,1.05594847046838
6.8,1,1.0469521050848,1.03903556615397,1.054928961093
7,1,1.04605604293814,1.0382434940647,1.05392737948542
7.2,1,1.04514708342767,1.03741032643142,1.05294153929898
7.4,1,1.04422404742144,1.03653782618303,1.05196726416491
7.6,1,1.0432857606164,1.03562946457443,1.05099865882264
7.8,1,1.04233105370592,1.03468998371676,1.0500285521437
8,1,1.04135876256046,1.03372483798929,1.04904906267977
8.2,1,1.04036785202794,1.03273961074547,1.04805243865095
8.4,1,1.03935902146374,1.03173979794677,1.04703451165484
8.6,1,1.03833424068454,1.03072971885574,1.04599486718479
8.8,1,1.03729550224942,1.02971211254813,1.04493474037539
9,1,1.03624479154987,1.02868848828261,1.04385660017148
9.2,1,1.03518408656416,1.02765944779465,1.04276382159024
9.4,1,1.03411535764951,1.02662497106422,1.04166039504962
9.6,1,1.03304056737191,1.02558467331943,1.04055066499974
9.8,1,1.03196167037322,1.02453803955543,1.03943909157496
10,1,1.0308806132754,1.02348463970176,1.03833003213094
10.2,1,1.02979933462153,1.02242432383451,1.03722754326667
10.4,1,1.02871976485346,1.02135739339766,1.03613520736333
10.6,1,1.02764382632565,1.02028474208532,1.03505598998453
10.8,1,1.02657343335521,1.01920795948232,1.03399213503588
11,1,1.02551049230751,1.01812939203434,1.03294510310859
11.2,1,1.02445690171753,1.01705215915233,1.03191555519768
11.4,1,1.02341455244625,1.01598012645425,1.03090337978763
11.6,1,1.0223853278722,1.01491784221772,1.02990775722722
11.8,1,1.02137110411774,1.01387044604498,1.02892725238823
12,1,1.02037375030985,1.01284355991096,1.02795992543302
12.2,1,1.01939512887529,1.01184317110485,1.02700345117711
12.4,1,1.01843709586991,1.0108755144527,1.02605523965578
12.6,1,1.01750150134181,1.00994695819157,1.02511255352131
12.8,1,1.01659018972841,1.00906389446313,1.02417262130056
13,1,1.01570500028706,1.00823263186212,1.02323274907574
13.2,1,1.01484765901947,1.00745890664464,1.02229060086178
13.4,1,1.01401863027558,1.00674372634205,1.0213461039206
13.6,1,1.01321756956559,1.00608476574298,1.02040094257691
13.8,1,1.0124441221846,1.00547919614454,1.01945729407095
14,1,1.0116979365851,1.00492382914775,1.01851770771381
14.2,1,1.01097866429026,1.00441519149172,1.01758502689726
14.4,1,1.01028595980868,1.00394958486687,1.01666232644729
14.6,1,1.00961948055056,1.00352313711876,1.01575285890649
14.8,1,1.00897888674534,1.00313185063702,1.01486000394801
15,1,1.00836384136066,1.00277165362255,1.01398721522532
15.2,1,1.00777401002274,1.00243846017014,1.01313795871812
15.4,1,1.00720906093809,1.00212824543759,1.01231563630144
15.6,1,1.00666866481651,1.00183714217616,1.01152348826099
15.8,1,1.00615249479539,1.0015615639301,1.01076446944568
16,1,1.00566022636534,1.0012983574415,1.0100410965193
16.2,1,1.00519153729697,1.00104498142697,1.00935526914397
16.4,1,1.00474610756899,1.00079970071258,1.00870807610779
16.6,1,1.00432361929746,1.00056177487643,1.00809960724646
16.8,1,1.00392375666626,1.00033161212479,1.00752880043261
17,1,1.00354620585872,1.00011085659819,1.00699335543565
17.2,1,1.00319065499039,0.999902384409781,1.00648973935
17.4,1,1.00285679404296,0.999710200468467,1.00601329153873
17.6,1,1.0025443147993,0.999539249325725,1.00555841485407
17.8,1,1.00225291077959,0.999395170516003,1.00511882266502
18,1,1.00198227717851,0.99928403519709,1.00468780488603
18.2,1,1.00173196863831,0.999211671151329,1.00425862303604
18.4,1,1.00150016155959,0.999179527277385,1.00382618560743
18.6,1,1.00128425930141,0.999185778662203,1.00338714715006
18.8,1,1.00108165965387,0.999227649434317,1.0029391098842
19,1,1.00088976311114,0.999301653897818,1.00248039617786
19.2,1,1.00070597256026,0.999403763249328,1.00200987863196
19.4,1,1.00052769303737,0.999529532788429,1.00152685007915
19.6,1,1.00035233155125,0.999674198867876,1.00103092424843
19.8,1,1.0001772969742,0.999832753139086,1.00052195953962
20,1,1,1,1
20.2,1,0.999817853168943,0.999465228981368,1.00017060176687
20.4,1,0.999628270959878,0.998917932038338,1.00033911500938
20.6,1,0.999428669949134,0.998358466436134,1.00050002068089
20.8,1,0.99921646903625,0.99778723521712,1.00064775009475
21,1,0.998989089736392,0.997204664173534,1.00077670839963
21.2,1,0.998743956539325,0.996611180324954,1.00088129695533
21.4,1,0.998478497334799,0.996007190626132,1.00095593588358
21.6,1,0.998190143904152,0.99539305964549,1.00099508805321
21.8,1,0.997876332477922,0.994769084856772,1.00099328585685
22,1,0.997534504359223,0.994135467963625,1.00094516235851
22.2,1,0.997162106612573,0.993492280302718,1.0008454887652
22.4,1,0.996756592817844,0.992839419801901,1.00068922074435
22.6,1,0.996315423888937,0.992176556141784,1.00047155693643
22.8,1,0.995836068956727,0.991503059593568,1.00018801418696
23,1,0.995316006315771,0.990817907371899,0.99983452565572
23.2,1,0.994754762743671,0.990121197516691,0.999410012110699
23.4,1,0.994168569253347,0.989425937900607,0.998933933537664
23.6,1,0.993581795799353,0.988751527414314,0.998435661106393
23.8,1,0.993018811478651,0.988117378422665,0.997944557482195
24,1,0.992503931264622,0.987542959461355,0.997489824759646
24.2,1,0.992061424815577,0.987047900953001,0.997100413928112
24.4,1,0.991715531228148,0.986652118459368,0.996804928990409
24.6,1,0.991490479724379,0.986375949075803,0.996631530102862
24.8,1,0.991410516273543,0.98624029298085,0.996607843720352
25,1,0.991499936165897,0.986266749393294,0.996760890521473
25.2,1,0.99178312257595,0.986477735197271,0.997117042920182
25.4,1,0.992284591177252,0.986896575960691,0.99770202255421
25.6,1,0.993029040899413,0.987547562996868,0.99854094427322
25.8,1,0.994041410951082,0.988455975647326,0.999658407688327
26,1,0.995346944270089,0.989648073623408,1.00107863176097
26.2,1,0.996971257604183,0.991151068527156,1.00282562371231
26.4,1,0.998940418472898,0.992993085622771,1.00492337167985
26.6,1,1.00128102931349,0.995203126425634,1.00739605115981
26.8,1,1.00402031917194,0.997811040293462,1.01026823777541
27,1,1.00718624336427,1.00084750983304,1.01356512241456
27.2,1,1.01080759160409,1.00434405138487,1.01731272847747
27.4,1,1.01491410517084,1.00833302861568,1.02153813436901
27.6,1,1.01953660377907,1.01284767448416,1.02626970731285
27.8,1,1.02470712290496,1.01792211443507,1.03153735717285
28,1,1.03045906243107,1.02359138137313,1.03737282148846
28.2,1,1.03681788216347,1.02988169585186,1.04380078323926
28.4,1,1.04374410249305,1.0367518836269,1.05078347933928
28.6,1,1.05116945045363,1.04413071573871,1.05825563496161
28.8,1,1.05902410386242,1.05194508535123,1.06615076031953
29,1,1.06723646283898,1.06011994421504,1.07440075420561
29.2,1,1.07573286674729,1.06857818451779,1.08293545326545
29.4,1,1.08443736107896,1.0772405782029,1.09168222391488
29.6,1,1.09327151678024,1.08602577453226,1.10056560114123
29.8,1,1.10215430494894,1.09485035106679,1.10950698488965
30,1,1.11100203014291,1.10362890878881,1.11842440982837
30.2,1,1.11972832574197,1.11227419979037,1.1272324069957
30.4,1,1.12824421487946,1.12069727655313,1.13584197538524
30.6,1,1.13645824039729,1.12880765538848,1.1441606778636
30.8,1,1.14427666707021,1.13651349220009,1.15209286980537
31,1,1.15160375897942,1.14372177477924,1.15954006205007
31.2,1,1.15834213438549,1.15033854061897,1.16640141394443
31.4,1,1.16439319974843,1.15626913151023,1.17257434854249
31.6,1,1.16965766366428,1.16141849559019,1.17795528085968
31.8,1,1.17403613043327,1.16569154448136,1.18244045098225
32,1,1.17742977174697,1.16899356859036,1.18592685592603
32.2,1,1.17974107358944,1.1712307085169,1.18831327644777
32.4,1,1.18087465390561,1.17231047571632,1.1895013967052
32.6,1,1.18073814491694,1.17214231179605,1.18939701504819
32.8,1,1.17924313218871,1.17063817393476,1.18791134252875
33,1,1.17630614070736,1.16771313517681,1.18496238072745
33.2,1,1.17187297829085,1.16330884717533,1.18050015744554
33.4,1,1.16603405129966,1.15750683914954,1.17462408238491
33.6,1,1.15893409092487,1.15044172021044,1.1674891509169
33.8,1,1.15071925386788,1.14225036741307,1.15925093044282
34,1,1.14153565972893,1.13307120275121,1.15006334930117
34.2,1,1.1315281729203,1.12304355403327,1.14007689329066
34.4,1,1.12083935353798,1.11230695677635,1.12943720147212
34.6,1,1.10960857837501,1.10100035139777,1.11828410921061
34.8,1,1.09797133016263,1.08926117231454,1.10675113783545
35,1,1.08605865056729,1.07722437408159,1.09496537662144
35.2,1,1.07399675045154,1.06502147347013,1.08304766496599
35.4,1,1.06190676940962,1.0527796931829,1.07111297284689
35.6,1,1.04990467558802,1.04062127461915,1.05927089394267
35.8,1,1.03810129626313,1.02866299547616,1.04762619637576
36,1,1.02660246953365,1.01701589597627,1.03627940784633
36.2,1,1.01550930775414,1.00578519329441,1.02532743672379
36.4,1,1.00491856394673,0.995070349612319,1.01486424608894
36.6,1,0.994923093343716,0.984965253707893,1.00498160512999
36.8,1,0.985612403400153,0.97555847668696,0.995769944037853
37,1,0.97707328704571,0.966933567901604,0.987319336043007
37.2,1,0.969390535598151,0.95916936768894,0.979720623033931
37.4,1,0.962647729625796,0.95234033188203,0.973066686698398
37.6,1,0.956928108120529,0.946516893301716,0.9674538411215
37.8,1,0.952315518635534,0.94176593126992,0.962983281643195
38,1,0.948895453573537,0.938151479161011,0.959762471000695
38.2,1,0.94673647305032,0.935716163816622,0.957886572940953
38.4,1,0.945810799681524,0.934403914611249,0.957356936123687
38.6,1,0.946063667010029,0.934133852517385,0.958145837049412
38.8,1,0.947444778353527,0.934834252807081,0.960225414648569
39,1,0.949907700868438,0.936443236567212,0.963565761312857
39.2,1,0.953409295061812,0.938908414670767,0.968134132900495
39.4,1,0.957909186261419,0.942185590737723,0.973895183862395
39.6,1,0.963369272151689,0.9462369285361,0.980811809957454
39.8,1,0.969753261321875,0.951029045626494,0.988846126381877
40,1,0.97702623852054,0.956531352751599,0.997960252961504
0,2,1.06655545379549,1.04340287528834,1.09022177623053
0.2,2,1.06541347720833,1.04407000325619,1.08719326661723
0.4,2,1.06428635345138,1.04468784624593,1.08425253171385
0.6,2,1.06317533272725,1.04525017448554,1.08140789230295
0.8,2,1.06208166051698,1.04575009578246,1.07866827663306
1,2,1.06100657777998,1.04617993137266,1.07604335003381
1.2,2,1.05995132116851,1.04653110954956,1.07354362712679
1.4,2,1.05891712325675,1.04679413051784,1.07118051318424
1.6,2,1.05790521278427,1.04695870495982,1.06896617214628
1.8,2,1.05691681491383,1.04701423791928,1.06691304969027
2,2,1.05595315150359,1.04695089376727,1.06503281558709
2.2,2,1.05501544139358,1.04676145645359,1.06333451114059
2.4,2,1.05410490070636,1.04644394992658,1.06182193682816
2.6,2,1.05322274316199,1.04600442353408,1.06049087533092
2.8,2,1.0523701804072,1.04545869541465,1.05932735694644
3,2,1.05154842235871,1.04483185823478,1.05830816303135
3.2,2,1.05075856310038,1.04415516873779,1.05740371832228
3.4,2,1.04999973521869,1.04345790904829,1.05658257453325
3.6,2,1.04926942942314,1.04276246870695,1.05581699434119
3.8,2,1.04856509451222,1.04208545278415,1.0550850263689
4,2,1.04788418803886,1.04143802356813,1.05437025218239
4.2,2,1.04722417571759,1.04082665824769,1.0536610159983
4.4,2,1.04658253089325,1.04025402809681,1.05294953385077
4.6,2,1.04595673407099,1.03971980622607,1.05223107513888
4.8,2,1.04534427250705,1.03922133559429,1.0515032848497
5,2,1.04474263986015,1.03875415461679,1.05076564911031
5.2,2,1.0441493359031,1.03831240561921,1.05001907881154
5.4,2,1.04356186629435,1.03788916044553,1.04926557698731
5.6,2,1.04297774240928,1.0374766989698,1.04850795419438
5.8,2,1.04239448123089,1.0370667751126,1.04774955728636
6,2,1.04180960529975,1.03665090212976,1.04699397981036
6.2,2,1.04122064272292,1.03622068257423,1.04624472862195
6.4,2,1.04062512724159,1.03576819506617,1.04550483458067
6.6,2,1.04002059835728,1.03528642711413,1.04477641808028
6.8,2,1.03940460151631,1.03476971223353,1.04406025116577
7,2,1.03877468835222,1.03421409975418,1.04335538784254
7.2,2,1.03812841698606,1.03361757299822,1.04265894689451
7.4,2,1.03746335238407,1.03298004968092,1.04196611335568
7.6,2,1.03677706677255,1.03230314597204,1.04127037719461
7.8,2,1.03606714010961,1.03158974170254,1.0405639717232
8,2,1.03533116061333,1.0308434206549,1.03983843778714
8.2,2,1.03456691102132,1.0300679751228,1.03908549652037
8.4,2,1.03377478133848,1.02926812901251,1.03830116604964
8.6,2,1.03295707435457,1.02844829411752,1.03748562136
8.8,2,1.03211613214225,1.02761149493308,1.03664051587672
9,2,1.03125429101716,1.02675967020938,1.03576858694152
9.2,2,1.03037388104436,1.02589395696642,1.03487336827462
9.4,2,1.02947722559731,1.02501493577582,1.03395894150691
9.6,2,1.02856664096932,1.02412284829293,1.03302971579861
9.8,2,1.02764443603704,1.02321779607425,1.03209022650858
10,2,1.02671291197594,1.02229992578675,1.03114494780665
10.2,2,1.02577436202737,1.02136960116177,1.0301981188747
10.4,2,1.02483107131692,1.02042755745565,1.02925358793266
10.6,2,1.0238853167239,1.01947503080342,1.02831468170106
10.8,2,1.02293936680145,1.01851385367648,1.02738410908698
11,2,1.0219954817471,1.01754650922775,1.02646390630752
11.2,2,1.02105591342339,1.01657614136224,1.02555542661056
11.4,2,1.02012290542823,1.01560652276769,1.02465937235554
11.6,2,1.01919869321476,1.01464198825083,1.02377586210624
11.8,2,1.01828550426025,1.01368734409286,1.02290452201952
12,2,1.01738555828384,1.0127477650376,1.02204458991435
12.2,2,1.01650106751289,1.01182868911314,1.02119502181788
12.4,2,1.01563423699742,1.01093571753373,1.02035459373994
12.6,2,1.01478726497268,1.01007452335631,1.01952199499983
12.8,2,1.01396234326939,1.00925076907205,1.01869591292326
13,2,1.01316165777155,1.00847003017765,1.01787511186382
13.2,2,1.0123872666641,1.00773739642965,1.01705859218369
13.4,2,1.01163980673939,1.00705394430984,1.01624655199685
13.6,2,1.01091900296826,1.00641795557232,1.01544018059693
13.8,2,1.01022456793955,1.00582733355846,1.01464102596823
14,2,1.00955621695287,1.00527971579221,1.01385091052496
14.2,2,1.00891366795182,1.00477252761938,1.01307187587198
14.4,2,1.00829664145804,1.00430302298368,1.0123061405861
14.6,2,1.00770486050647,1.00386831758837,1.01155606576754
14.8,2,1.00713805058145,1.00346541914474,1.01082412365891
15,2,1.00659593955386,1.00309125943203,1.01011286460618
15.2,2,1.0060782576192,1.00274273335959,1.00942487716947
15.4,2,1.00558473723663,1.00241675092828,1.00876273548586
15.6,2,1.00511511306886,1.00211030854512,1.00812892742929
15.8,2,1.00466912192302,1.00182058585988,1.00752575739818
16,2,1.00424650269237,1.00154507212706,1.00695521972665
16.2,2,1.00384699629889,1.00128172088321,1.00641884392877
16.4,2,1.00347034563672,1.00102912287795,1.00591752183723
16.6,2,1.00311629551647,1.00078667588112,1.00545133801342
16.8,2,1.00278459261028,1.00055472014566,1.00501943464938
17,2,1.00247498539778,1.00033460596625,1.00461994452103
17.2,2,1.0021872241128,1.00012866969036,1.00425001563636
17.4,2,1.00192106069084,0.999940115634357,1.00390593012564
17.6,2,1.00167624871736,0.999772825322751,1.00358329595584
17.8,2,1.00145254337682,0.999631131276571,1.0032772742433
18,2,1.0012497014024,0.999519593775353,1.00298280374053
18.2,2,1.00106735349994,0.999442470966004,1.00269487774996
18.4,2,1.00090389398916,0.999400482302667,1.00240956727821
18.6,2,1.00075702334144,0.999391782775951,1.00212412892307
18.8,2,1.00062443652312,0.999413835131243,1.0018365043303
19,2,1.0005038304009,0.99946359942612,1.0015451440369
19.2,2,1.00039290343991,0.999537659603378,1.0012488790568
19.4,2,1.00028935545487,0.999632317264901,1.0009468255028
19.6,2,1.00019088741402,0.999743661281648,1.0006383136089
19.8,2,1.00009520129611,0.999867619861674,1.00032283453071
20,2,1,1,1
20.2,2,0.99990298730724,0.999669511217757,1.00013651792583
20.4,2,0.999801867897237,0.999331134331073,1.0002728232018
20.6,2,0.999694347415212,0.99898468052342,1.00040451844596
20.8,2,0.999578132592793,0.998629989221444,1.00052717617329
21,2,0.999450931421239,0.998266913236516,1.00063635393885
21.2,2,0.999310453377221,0.997895304852332,1.0007276087713
21.4,2,0.999154409701117,0.997515001963765,1.00079651179166
21.6,2,0.998980513727711,0.997125813378205,1.00083866390605
21.8,2,0.998786481269212,0.996727502308835,1.00084971354291
22,2,0.998570031050462,0.99631976690868,1.00082537758534
22.2,2,0.998328885196173,0.995902216390898,1.00076146695293
22.4,2,0.998060769770025,0.99547434081433,1.00065391875302
22.6,2,0.997763415365399,0.995035471922637,1.00049883761232
22.8,2,0.997434557747504,0.994584731421883,1.00029254980283
23,2,0.997071938546595,0.994120961645594,1.00003167521125
23.2,2,0.99667484521511,0.993643883015195,0.999715052912345
23.4,2,0.996255181397736,0.993163092160845,0.999356897468249
23.6,2,0.995831007634342,0.992693061904758,0.998978872546178
23.8,2,0.995420396587322,0.992248257759308,0.998602676491085
24,2,0.995041391497862,0.991843163576375,0.998249932200859
24.2,2,0.994712010281183,0.991492358156622,0.997942117513864
24.4,2,0.994450252888429,0.991210609008024,0.997700485126523
24.6,2,0.994274111930085,0.991012980306537,0.997545974976609
24.8,2,0.994201586560369,0.99091494832524,0.997499125822783
25,2,0.99425069962827,0.990932514168092,0.997579996192978
25.2,2,0.994439518108775,0.991082301756915,0.997808106777155
25.4,2,0.994786176837395,0.991381629753969,0.9982024156251
25.6,2,0.995308905582338,0.991848549793211,0.998781333841793
25.8,2,0.996026059501665,0.992501849240155,0.999562783652169
26,2,0.9969561530475,0.993361022966483,1.00056429447082
26.2,2,0.998117897395942,0.994446223401273,1.00180312787019
26.4,2,0.999530241499796,0.99577820018367,1.00329642031565
26.6,2,1.00121241688171,0.997378239978656,1.00506133334087
26.8,2,1.00318398630788,0.999268114224952,1.00711520367598
27,2,1.00546489650724,1.00147003890291,1.0094756895731
27.2,2,1.00807553512835,1.00400664679313,1.01216091324711
27.4,2,1.01103679215587,1.00690096964564,1.01518960246168
27.6,2,1.01437012604119,1.01017642525589,1.01858123678165
27.8,2,1.0180976348373,1.01385680241559,1.02235620611481
28,2,1.02224213266709,1.01796623471939,1.02653599123336
28.2,2,1.02682035565925,1.02252205846124,1.03113672127803
28.4,2,1.03180165479074,1.02749213147197,1.03612925317857
28.6,2,1.03713459781834,1.03282245694379,1.04146474232826
28.8,2,1.04276690172164,1.03845790717639,1.04709377608066
29,2,1.04864533498145,1.04434225265284,1.05296614762546
29.2,2,1.05471557227558,1.05041814806312,1.05903057791967
29.4,2,1.06092207699108,1.05662715841634,1.06523445330901
29.6,2,1.0672080125337,1.06290982518971,1.07152358085772
29.8,2,1.0735151835708,1.06920576597836,1.07784197020536
30,2,1.07978400845607,1.07545379534161,1.08413165676458
30.2,2,1.0859535241501,1.08159205112124,1.09033258462977
30.4,2,1.09196142496834,1.0875581109304,1.09638256717962
30.6,2,1.09774413645322,1.0932890882175,1.10221733858345
30.8,2,1.10323692557844,1.09872170511051,1.10777070144194
31,2,1.10837404834704,1.10379234763888,1.11297476710821
31.2,2,1.11308893563896,1.10843711518925,1.11776027856154
31.4,2,1.1173144178969,1.11259187846034,1.12205700275997
31.6,2,1.12098298890964,1.11619235859261,1.1257941803232
31.8,2,1.12402710856016,1.1191742356763,1.12890102407926
32,2,1.12637954395263,1.12147328907427,1.13130726286155
32.2,2,1.12797374781997,1.1230255662859,1.13294373161859
32.4,2,1.12874427254603,1.1237675722708,1.13374301256172
32.6,2,1.12862721751968,1.12363646773641,1.13364013424405
32.8,2,1.12756070687775,1.12257026346526,1.13257333556119
33,2,1.12548539400148,1.12050799964122,1.13048489838205
33.2,2,1.12236135023799,1.11740595609965,1.12733872021326
33.4,2,1.11824899692828,1.11331726344947,1.12320257682582
33.6,2,1.11324627252705,1.10833167126893,1.11818266627396
33.8,2,1.10745188025652,1.10254039515316,1.11238524454547
34,2,1.10096453047585,1.09603604379226,1.10591517882203
34.2,2,1.09388231956842,1.08891255739927,1.09887476357355
34.4,2,1.0863021908547,1.08126500523091,1.09136284273226
34.6,2,1.07831947803123,1.07318917507335,1.08347430603003
34.8,2,1.07002753048608,1.06478095446081,1.07529995836367
35,2,1.06151741887952,1.05613557389261,1.06692668861774
35.2,2,1.05287771860645,1.04734682124356,1.05843782389265
35.4,2,1.04419436816937,1.03850633124354,1.04991355922791
35.6,2,1.03555059908167,1.0297030176651,1.04143138833373
35.8,2,1.02702693368012,1.02102267215793,1.03306650407193
36,2,1.01870124714329,1.01254771954614,1.02489217139955
36.2,2,1.01064889007695,1.00435710019316,1.01698009484609
36.4,2,1.00294286822716,0.996526243130869,1.0094008099249
36.6,2,0.995654076206094,0.989127094122866,1.0022241280782
36.8,2,0.988851582554479,0.982228166991434,0.995519661501445
37,2,0.982602964009743,0.975894593146085,0.989357448705736
37.2,2,0.976974687495084,0.970188154656194,0.983808692597732
37.4,2,0.972032539086909,0.965167304112954,0.978946606476806
37.6,2,0.967842100056614,0.960887205164658,0.97484733442931
37.8,2,0.964469271019327,0.957399874895707,0.971590867234949
38,2,0.961980846263307,0.954754568589069,0.969261817668001
38.2,2,0.96043046948256,0.952983864759981,0.967935261886951
38.4,2,0.959799243614394,0.952046030051934,0.967615597317822
38.6,2,0.96004719304438,0.951880771929675,0.968283675910294
38.8,2,0.961136780976977,0.952435016868125,0.969918047306206
39,2,0.963032579776893,0.953663442578346,0.972493762793625
39.2,2,0.9657009549464,0.95552792632857,0.975982290719267
39.4,2,0.969109769903704,0.957996189632098,0.980352277271044
39.6,2,0.973228109168453,0.961040135292102,0.985570651726958
39.8,2,0.978026017897369,0.964634303526867,0.991603645222787
40,2,0.983474256018643,0.968754663112106,0.998417503503151
0,3,1.05656081681827,1.03622513339919,1.07729558341607
0.2,3,1.05534597301407,1.03662613336999,1.07440386355713
0.4,3,1.05415275871244,1.03699345162845,1.07159600377032
0.6,3,1.05298302553001,1.03732267140486,1.06887980241742
0.8,3,1.051838618027,1.03760881060248,1.06626357358179
1,3,1.05072137414381,1.03784618805635,1.06375628564983
1.2,3,1.04963312567003,1.03802828152858,1.0613677084804
1.4,3,1.04857569874565,1.03814760989621,1.059108536704
1.6,3,1.04755091439433,1.03819571329857,1.05699041538308
1.8,3,1.0465605890887,1.03816337537626,1.05502572390084
2,3,1.04560653534759,1.03804132598379,1.05322687969618
2.2,3,1.04469056236517,1.0378217252461,1.05160486097558
2.4,3,1.04381447667195,1.03750060761283,1.05016676974953
2.6,3,1.04298008282774,1.03708095415246,1.048912766954
2.8,3,1.04218918414653,1.03657522802428,1.0478335447223
3,3,1.04144358345358,1.03600577955947,1.04690992938073
3.2,3,1.04074492348884,1.03540214758764,1.04611526863394
3.4,3,1.04009210067984,1.03479224896472,1.04541909642143
3.6,3,1.03948171186908,1.03419718533738,1.04479324120167
3.8,3,1.03891029543566,1.03363249213195,1.04421504759007
4,3,1.03837440185999,1.03310835160039,1.04366729469162
4.2,3,1.03787059249841,1.03263032959456,1.04313744803131
4.4,3,1.03739543847247,1.03220027506183,1.04261674964097
4.6,3,1.03694551967226,1.03181714768482,1.04209938086513
4.8,3,1.03651742387306,1.03147769241513,1.04158177912398
5,3,1.03610774596465,1.03117695772779,1.04106211179646
5.2,3,1.03571308729285,1.03090868532638,1.04053987948513
5.4,3,1.03533005511281,1.03066560747279,1.04001561248195
5.6,3,1.0349552621536,1.03043968837493,1.03949062399633
5.8,3,1.03458532629382,1.03022234454623,1.03896678522726
6,3,1.03421687034782,1.03000467734597,1.03844628906745
6.2,3,1.03384652196234,1.02977774745233,1.03793137268496
6.4,3,1.0334709136232,1.02953291196427,1.03742397828487
6.6,3,1.03308668277184,1.0292622255668,1.03692535061489
6.8,3,1.03269047203127,1.02895887597172,1.03643560100207
7,3,1.03227892954143,1.02861758707469,1.03595330447896
7.2,3,1.03184870940327,1.02823489807719,1.03547522174963
7.4,3,1.03139647223148,1.02780923379241,1.03499623077563
7.6,3,1.03091888581534,1.02734072735693,1.03450950675831
7.8,3,1.03041262588722,1.02683082245786,1.03400692340571
8,3,1.02987437699826,1.02628173258157,1.03347959797507
8.2,3,1.02930106274975,1.02569601073982,1.03291878557039
8.4,3,1.0286928257777,1.02507797060129,1.03232042845072
8.6,3,1.02805217299529,1.02443226437492,1.03168487283562
8.8,3,1.02738166323874,1.02376226403752,1.03101385842887
9,3,1.02668385157609,1.02307032618196,1.03031014008672
9.2,3,1.02596128860443,1.02235805354821,1.02957722303033
9.4,3,1.02521651981026,1.02162651863052,1.0288191362738
9.6,3,1.0244520849928,1.02087646019306,1.0280402334359
9.8,3,1.02367051775017,1.02010846207811,1.02724501155119
10,3,1.0228743450282,1.01932312008498,1.02643794210185
10.2,3,1.02206608673162,1.01852119811124,1.02562331307786
10.4,3,1.02124825539744,1.01770377012678,1.02480508549397
10.6,3,1.02042335593016,1.01687234093295,1.02398677140971
10.8,3,1.01959388539854,1.01602893709067,1.02317134206712
11,3,1.01876233289362,1.01517616056038,1.02236117360157
11.2,3,1.01793117944766,1.01431720135257,1.02155803402523
11.4,3,1.0171028980136,1.01345581076636,1.02076310990352
11.6,3,1.01627995350481,1.01259624193464,1.01997706600457
11.8,3,1.01546480289467,1.01174316785508,1.01920012773995
12,3,1.01465989537572,1.01090158807113,1.01843217523111
12.2,3,1.01386767257801,1.01007673381824,1.01767283918424
12.4,3,1.01309056884639,1.00927397856888,1.01692159163842
12.6,3,1.01233101157636,1.00849875745971,1.01617782810223
12.8,3,1.01159142160823,1.00775649578425,1.01544094089416
13,3,1.01087421367944,1.00705254387038,1.01471038636645
13.2,3,1.01018166567208,1.00639181030582,1.01398579281951
13.4,3,1.00951452944523,1.00577545899965,1.0132675002576
13.6,3,1.0088725774226,1.00520206036259,1.01255649745502
13.8,3,1.00825556813994,1.00466985632259,1.01185407752374
14,3,1.0076632624672,1.0041768602213,1.01116176915516
14.2,3,1.00709542355522,1.00372090216434,1.01048129012642
14.4,3,1.0065518167833,1.00329966272752,1.00981451256095
14.6,3,1.00603220970742,1.00291069955337,1.00916343540808
14.8,3,1.00553637200929,1.00255147086296,1.00853016011564
15,3,1.00506407544602,1.00221935994738,1.00791686543073
15.2,3,1.00461509380059,1.00191170519957,1.00732577676686
15.4,3,1.00418920283298,1.00162584105484,1.00675912476895
15.6,3,1.00378618023194,1.00135915601,1.00621908690529
15.8,3,1.00340580556753,1.00110917406329,1.00570770574415
16,3,1.00304786024419,1.00087366442664,1.00522677906288
16.2,3,1.0027121274546,1.00065077990516,1.0047777213943
16.4,3,1.00239839213404,1.00043921599428,1.00436140495981
16.6,3,1.00210644091546,1.00023837127984,1.00397799940359
16.8,3,1.00183606208512,1.0000484789245,1.0036268405444
17,3,1.00158704553888,0.99987067536508,1.00330636202028
17.2,3,1.00135918273899,0.999706981474658,1.00301411457245
17.4,3,1.00115226667158,0.999560192814121,1.00274687634347
17.6,3,1.00096609180458,0.999433700396965,1.00250083276618
17.8,3,1.00080045404637,0.999331279533686,1.00227178847718
18,3,1.0006551507048,0.999256884933279,1.00205537307748
18.2,3,1.00052986887322,0.999214189227469,1.00184728089322
18.4,3,1.00042321388811,0.999203808469985,1.00164410744064
18.6,3,1.00033318374924,0.999224147642312,1.00144345077227
18.8,3,1.00025777128757,0.999273014275833,1.00124349875119
19,3,1.00019497064138,0.999347785252986,1.00104287422127
19.2,3,1.00014277698346,0.999445517512809,1.00084052289461
19.4,3,1.00009918628859,0.999563029367215,1.00063563079987
19.6,3,1.00006219514107,0.999696960375921,1.00042756334309
19.8,3,1.00002980058257,0.999843815792728,1.00021581996817
20,3,1,1,1
20.2,3,0.99997079105349,0.999779776462198,1.00016184213939
20.4,3,0.999940171644539,0.999554875536831,1.00032561627145
20.6,3,0.999906139924193,0.999325059949876,1.0004875577805
20.8,3,0.999866694341321,0.999090114988326,1.00064387731904
21,3,0.999819833730964,0.998849836133384,1.00079077330731
21.2,3,0.999763557442735,0.99860401746325,1.00092444383475
21.4,3,0.999695865509255,0.998352440060141,1.00104109872872
21.6,3,0.999614758854594,0.998094859659825,1.00113697255238
21.8,3,0.999518239542685,0.997830992708249,1.00120833936716
22,3,0.999404311065643,0.997560499828989,1.00125153025588
22.2,3,0.99927097867194,0.997282965435464,1.00126295487256
22.4,3,0.999116249734341,0.996997871806843,1.00123912869957
22.6,3,0.998938134157498,0.996704565330455,1.00117670830897
22.8,3,0.998734644825084,0.996402211715918,1.00107253782198
23,3,0.998503798086304,0.996089735697611,1.00092371104951
23.2,3,0.998244722945622,0.995766607076934,1.00072900598061
23.4,3,0.997965636764334,0.995439082335392,1.00049860391847
23.6,3,0.997679198075382,0.995116781602376,1.00024821274701
23.8,3,0.997398081878956,0.994809320337373,0.999993580074672
24,3,0.997134949003382,0.994526336942664,0.99975040337348
24.2,3,0.996902447584425,0.994277558671912,0.999534266193523
24.4,3,0.996713216150269,0.994072882473763,0.999360562755148
24.6,3,0.996579888310163,0.993922467901392,0.999244413783419
24.8,3,0.996515099046079,0.993836835565978,0.999200580104571
25,3,0.996531492608704,0.993826961327687,0.999243383812257
25.2,3,0.996641732021588,0.993904354708592,0.999386648525371
25.4,3,0.996858510200388,0.994081110939609,0.999643669337669
25.6,3,0.997194562697793,0.994369929873733,1.00002721924658
25.8,3,0.997662682089,0.994784100792357,1.00054959306268
26,3,0.998275734017436,0.995337458087971,1.0012226838548
26.2,3,0.999046674925894,0.996044317059659,1.00205808274362
26.4,3,0.999988571504323,0.996919400550629,1.00306719137669
26.6,3,1.00111462189224,0.99797776597497,1.00426133761339
26.8,3,1.00243817868111,0.999234739346483,1.00565188789845
27,3,1.00397277377017,1.00070585938198,1.00725035335984
27.2,3,1.00573214513787,1.0024068314705,1.00906848996609
27.4,3,1.00773026560099,1.00435348866731,1.01111839573111
27.6,3,1.00998137364348,1.0065617548622,1.01341260998578
27.8,3,1.01250000640881,1.00904760361363,1.01596422141682
28,3,1.0153010349616,1.01182700448361,1.01878699325701
28.2,3,1.01839498762705,1.01491093525655,1.02189100027948
28.4,3,1.02175979019201,1.01827588273198,1.02525561741896
28.6,3,1.0253592044537,1.02188321648656,1.02884701617149
28.8,3,1.02915657508419,1.02569365277997,1.03263118882361
29,3,1.03311480102046,1.02966733860371,1.03657380599727
29.2,3,1.03719626896411,1.03376390262352,1.04064003165803
29.4,3,1.04136280047561,1.03794253145327,1.04479434010285
29.6,3,1.04557561298146,1.04216207037283,1.04900033645482
29.8,3,1.04979529506078,1.04638114124684,1.05322058864569
30,3,1.05398179641117,1.05055826471041,1.05741648462718
30.2,3,1.05809443291211,1.05465197044026,1.06154813183751
30.4,3,1.0620919072067,1.0586208801566,1.06557431512884
30.6,3,1.06593234520867,1.06242375331629,1.0694525240192
30.8,3,1.06957334891102,1.06601949383522,1.07313905169315
31,3,1.07297206582391,1.0693671247827,1.07658915947351
31.2,3,1.07608527530324,1.07242574392325,1.07975729441956
31.4,3,1.07886949194645,1.07515447465196,1.08259734586472
31.6,3,1.08128108612833,1.07751242448824,1.08506292887913
31.8,3,1.08327642162772,1.0794586583302,1.08710768735674
32,3,1.0848120101552,1.08095218788113,1.08868561493339
32.2,3,1.08584468243353,1.08195197332856,1.08975139695145
32.4,3,1.08633177530689,1.08241692911556,1.09026078057157
32.6,3,1.08623133416371,1.08230592272212,1.09017098266588
32.8,3,1.08550232975199,1.08157775410885,1.08944114597462
33,3,1.08410488824799,1.0801911049732,1.08803285206866
33.2,3,1.08201141594521,1.07811508708818,1.08592182621037
33.4,3,1.07926044343355,1.07538202399027,1.08315285059193
33.6,3,1.0759151112336,1.07204808004798,1.07979609135535
33.8,3,1.07203892376179,1.06817034211304,1.07592151621331
34,3,1.06769539403919,1.06380706764567,1.07159793267346
34.2,3,1.06294776108128,1.05901791169918,1.0668921935181
34.4,3,1.05785874311631,1.05386399915907,1.06186862942523
34.6,3,1.05249032679887,1.0484077721526,1.05658877912626
34.8,3,1.04690359222552,1.04271260807378,1.0511114212375
35,3,1.04115857325682,1.03684227371137,1.04549284124572
35.2,3,1.03531415240288,1.03086031910466,1.03978722849343
35.4,3,1.02942798933812,1.02482950859686,1.03404710377986
35.6,3,1.02355648197368,1.01881135080214,1.02832371367424
35.8,3,1.01775475893022,1.01286574784083,1.02266736883267
36,3,1.01207670221804,1.00705075338685,1.01712773435468
36.2,3,1.0065749989425,1.00142241281361,1.01175409650499
36.4,3,1.00130122090883,0.996034653590683,1.0065956353819
36.6,3,0.996305931097786,0.990939195058664,1.00170173234682
36.8,3,0.991638816121716,0.986185450427481,0.997122337601947
37,3,0.987348843946082,0.981820399531663,0.99290841798223
37.2,3,0.983484446373801,0.977888420401867,0.989112495944773
37.4,3,0.980093726037609,0.974431085453237,0.985789273513875
37.6,3,0.977224687929051,0.971486960216523,0.982996303404
37.8,3,0.974925495812058,0.969091493780258,0.980794618964955
38,3,0.97324475422585,0.96727715505826,0.97924917039014
38.2,3,0.972221539617575,0.966063658482152,0.978418672307226
38.4,3,0.971843631553742,0.965417881359925,0.978312151066784
38.6,3,0.972083459589321,0.965294064093352,0.978920608296374
38.8,3,0.972914632904647,0.965652566677145,0.980231312569437
39,3,0.974311781671862,0.966460417070024,0.982226929461321
39.2,3,0.976250401641356,0.967690713345545,0.984885804483882
39.4,3,0.978706707964391,0.969321260312765,0.98818303016012
39.6,3,0.981657497438226,0.971332996475462,0.992091739674597
39.8,3,0.985080018473815,0.973708627678069,0.996584209293053
40,3,0.988951848190805,0.976431635835987,1.00163259991331
0,4,1.04749126613741,1.02654924792166,1.06886050996151
0.2,4,1.04627514162815,1.02697040767113,1.06594276116627
0.4,4,1.04508445753579,1.02735760204203,1.06311718647136
0.6,4,1.04392141259105,1.02770616077682,1.06039251028948
0.8,4,1.04278819742652,1.02801077680231,1.05777804010431
1,4,1.04168699519249,1.02826538859799,1.05528378956008
1.2,4,1.04061998221884,1.02846308345891,1.05292058101996
1.4,4,1.03958932872287,1.02859607613066,1.05070007311322
1.6,4,1.03859719956291,1.02865586519252,1.04863461089393
1.8,4,1.03764575503767,1.02863373411373,1.04673673168553
2,4,1.03673715173118,1.028521816203,1.04501810739184
2.2,4,1.0358735434035,1.02831489975395,1.0434877469733
2.4,4,1.03505708192709,1.02801288100545,1.04214955147215
2.6,4,1.03428991826907,1.02762323444781,1.04099985205946
2.8,4,1.03357420351948,1.02716236244007,1.04002606914373
3,4,1.03291208996588,1.0266548315508,1.03920748513508
3.2,4,1.03230554562642,1.02613026098426,1.03851799332853
3.4,4,1.03175334535656,1.02561471822023,1.03792871410984
3.6,4,1.0312515892411,1.02512668505955,1.03741308836432
3.8,4,1.03079630909758,1.02467930412327,1.03694983061877
4,4,1.03038355027468,1.02428081227858,1.03652264881819
4.2,4,1.03000936995812,1.02393526861093,1.03611950357055
4.4,4,1.02966983562882,1.02364336232024,1.03573178846266
4.6,4,1.02936102367229,1.02340314184235,1.03535359012889
4.8,4,1.02907901813854,1.023210613279,1.0349810799746
5,4,1.0288199096515,1.02306021043464,1.03461203524437
5.2,4,1.02857979446749,1.02294516068241,1.03424546520266
5.4,4,1.0283547736822,1.02285777701009,1.0338813120688
5.6,4,1.02814095258559,1.02278970637984,1.03352019656623
5.8,4,1.02793444016463,1.02273216215139,1.0331631803324
6,4,1.02773134875329,1.02267616469265,1.03281152106218
6.2,4,1.02752779382976,1.02261280845218,1.03246640210847
6.4,4,1.02731989396056,1.02253356383766,1.03212862819503
6.6,4,1.02710377089131,1.02243060685912,1.03179829428219
6.8,4,1.02687554978405,1.02229714967318,1.03147445444938
7,4,1.02663135960084,1.0221277260154,1.03115483680754
7.2,4,1.02636733363331,1.02191837576906,1.03083566019328
7.4,4,1.02607961017794,1.0216666806692,1.03051160064582
7.6,4,1.02576433335671,1.02137162924128,1.03017592956676
7.8,4,1.02541765408256,1.02103332382535,1.02982081071043
8,4,1.0250357311692,1.02065257016528,1.02943771552296
8.2,4,1.02461498539669,1.02023060225851,1.02901821017269
8.4,4,1.02415538663054,1.01977108886929,1.02855853378561
8.6,4,1.02365951359857,1.01927863650792,1.02805921977421
8.8,4,1.02313000462243,1.01875675285911,1.02752202959235
9,4,1.0225694961639,1.01820804845593,1.02694962593409
9.2,4,1.02198062200013,1.01763446007809,1.02634534571838
9.4,4,1.02136601246648,1.01703744746856,1.02571300006526
9.6,4,1.02072829376663,1.01641816892988,1.02505669570298
9.8,4,1.02007008735006,1.01577764099842,1.02438067260823
10,4,1.01939400935676,1.01511688541469,1.02368915466119
10.2,4,1.01870267012894,1.01443706390683,1.02298621279786
10.4,4,1.0179986737896,1.01373959858304,1.02227564286323
10.6,4,1.01728461788776,1.01302627363481,1.02156086246201
10.8,4,1.01656309311001,1.01229931315502,1.02084483200191
11,4,1.01583668305815,1.01156143050636,1.02013000449219
11.2,4,1.01510796409262,1.0108158467728,1.0194183065631
11.4,4,1.01437950524146,1.0100662788707,1.01871115012804
11.6,4,1.01365386817431,1.00931690105759,1.01800947094823
11.8,4,1.01293360724133,1.00857228601034,1.01731378792656
12,4,1.01222126957662,1.0078373327863,1.01662427581511
12.2,4,1.01151939526579,1.00711718870382,1.01594084429808
12.4,4,1.01083051757744,1.00641717074188,1.01526321784899
12.6,4,1.0101571632582,1.00574268991306,1.01459101290615
12.8,4,1.0095018528911,1.00509917963667,1.01392381133866
13,4,1.00886710131702,1.00449202666684,1.01326123164677
13.2,4,1.00825528301306,1.00392619713278,1.01260303658486
13.4,4,1.00766720205102,1.00340291737152,1.01194960918513
13.6,4,1.00710265414904,1.00292081684428,1.01130192828724
13.8,4,1.00656142033426,1.00247819320704,1.01066127898912
14,4,1.00604328364789,1.00207311176253,1.01002918518871
14.2,4,1.00554802909948,1.00170345228163,1.00940736155271
14.4,4,1.00507544362188,1.00136694546025,1.00879767596825
14.6,4,1.00462531602682,1.00106120310805,1.00820211838043
14.8,4,1.00419743696105,1.00078374574442,1.00762277233933
15,4,1.00379159886311,1.00053203124458,1.00706178561299
15.2,4,1.00340759592071,1.00030348844824,1.00652133595301
15.4,4,1.00304522402865,1.00009556007552,1.00600358766788
15.6,4,1.00270428074732,0.999905759634299,1.0055106343189
15.8,4,1.00238456526176,0.999731746809176,1.00504442304842
16,4,1.00208587834128,0.99957142443505,1.00460665743677
16.2,4,1.00180802229956,0.99942305681605,1.00419867912701
16.4,4,1.00155080095538,0.999285403370112,1.00382133423682
16.6,4,1.00131401959376,0.99915785385438,1.00347483830232
16.8,4,1.00109748492769,0.999040543920887,1.00315866100416
17,4,1.0009010050603,0.998934426220775,1.00287145545759
17.2,4,1.00072438944759,0.998841276414885,1.00261105270873
17.4,4,1.00056744886159,0.998763626051362,1.00237452947641
17.6,4,1.00042999535398,0.998704631365066,1.00215834008495
17.8,4,1.0003118422203,0.99866790138354,1.00195848920338
18,4,1.00021280396443,0.998657314091727,1.00177071663893
18.2,4,1.00013260210128,0.99867657769834,1.00159074932066
18.4,4,1.00007004516776,0.998726619633461,1.00141527779533
18.6,4,1.00002342894686,0.998806285957225,1.00124205514408
18.8,4,0.999991044629886,0.9989138125349,1.00106943841567
19,4,0.999971184288327,0.999046983159924,1.00089624037925
19.2,4,0.999962140645465,0.999203238489117,1.00072161919354
19.4,4,0.999962206877166,0.999379758440604,1.00054499477045
19.6,4,0.999969676441831,0.999573524428986,1.00036598545805
19.8,4,0.999982842939485,0.999781366592902,1.00018435988766
20,4,1,1,1
20.2,4,1.00001944120043,0.999812872234391,1.0002260528452
20.4,4,1.00003946001149,0.99962300461198,1.00045608891151
20.6,4,1.0000583497731,0.999430467994048,1.00068662601235
20.8,4,1.00007440369914,0.999235360187727,1.00091415174329
21,4,1.00008591491125,0.999037791836697,1.00113513760584
21.2,4,1.00009117650178,0.9988378731997,1.00134605240058
21.4,4,1.00008848162594,0.998635701001686,1.00154337570512
21.6,4,1.00007612362297,0.998431344549393,1.0017236122451
21.8,4,1.00005239616652,0.998224830235401,1.00188330803449
22,4,1.00001559344407,0.99801612340368,1.00201906931196
22.2,4,0.99996401036545,0.99780510629737,1.00212758555292
22.4,4,0.999895942800466,0.997591550426242,1.00220565821919
22.6,4,0.99980968784544,0.997375081133407,1.00225023746697
22.8,4,0.999703544118767,0.997155131348531,1.0022584698251
23,4,0.999575812085336,0.99693088041389,1.00222776095696
23.2,4,0.99942554927735,0.996701687554719,1.00215685497522
23.4,4,0.999258001839589,0.996470803569761,1.00205299609718
23.6,4,0.999081443245265,0.996243450308619,1.00192752075592
23.8,4,0.998904162344028,0.996024871555347,1.00179177653475
24,4,0.998734442186899,0.995820374452046,1.00165703735399
24.2,4,0.99858056030973,0.995635395504228,1.00153443713549
24.4,4,0.998450789703064,0.995475576338641,1.0014348951938
24.6,4,0.998353400467743,0.995346845563866,1.00136903700224
24.8,4,0.998296662155918,0.995255500398667,1.00134711666747
25,4,0.998288846797573,0.995208279786223,1.00137894939389
25.2,4,0.998338232613304,0.995212420250742,1.00147386268184
25.4,4,0.998453108414872,0.995275687248197,1.00164067350991
25.6,4,0.998641778695995,0.995406378073571,1.00188769544271
25.8,4,0.998912569416947,0.995613296684127,1.00222277531087
26,4,0.999273834487792,0.995905704857986,1.00265335505265
26.2,4,0.999733962956523,0.996293256826566,1.00318655159054
26.4,4,1.00030138690996,0.996785925352876,1.00382924678613
26.6,4,1.00098459009706,0.997393926303004,1.00458818044515
26.8,4,1.00179211728616,0.998127646669582,1.00547004143742
27,4,1.00273258436994,0.998997578467495,1.00648155453957
27.2,4,1.003814689234,1.00001425848829,1.00762956304764
27.4,4,1.00504722340765,1.00118821184883,1.00892110926287
27.6,4,1.00643908451808,1.00252989562861,1.01036351660164
27.8,4,1.00799928957204,1.00404963752684,1.01196447844998
28,4,1.00973698909227,1.00575756320015,1.01373216016096
28.2,4,1.01165848236494,1.00766031859724,1.01567250992445
28.4,4,1.0137492667372,1.00974196129976,1.0177724757396
28.6,4,1.01598587280337,1.01197670616823,1.02001092262734
28.8,4,1.01834465294673,1.01433840873074,1.02236672027716
29,4,1.02080178217258,1.01680068298157,1.02481862564366
29.2,4,1.02333323187348,1.01933698979342,1.02734514095173
29.4,4,1.02591474922676,1.02192073303312,1.02992437540348
29.6,4,1.028521842305,1.02452536131291,1.03253391281875
29.8,4,1.03112977099245,1.02712446929403,1.03515069148117
30,4,1.03371354380815,1.02969188955528,1.03775090538385
30.2,4,1.03624792074057,1.03220176505586,1.04030993706064
30.4,4,1.03870742219901,1.03462859366835,1.0428023307436
30.6,4,1.04106634418271,1.03694723994181,1.0452018108952
30.8,4,1.04329877976036,1.03913291419091,1.04748134621157
31,4,1.04537864694047,1.04116112373102,1.04961325444323
31.2,4,1.04727972299583,1.04300760424551,1.05156934017909
31.4,4,1.04897568528397,1.04464824016958,1.0533210567974
31.6,4,1.05044015857989,1.0460589816946,1.05483968501453
31.8,4,1.05164676890679,1.04721576320501,1.05609652319146
32,4,1.05256920381587,1.04809442451101,1.05706308793549
32.2,4,1.05318127902731,1.04867063284485,1.0577113268487
32.4,4,1.05345701130104,1.04891980069981,1.0580138480739
32.6,4,1.0533706973587,1.04881699248084,1.05794417330078
32.8,4,1.05289699862709,1.04833681192976,1.05747702179537
33,4,1.05201103151875,1.04745326308757,1.05658863210263
33.2,4,1.05069521389218,1.04614611638495,1.05526409285039
33.4,4,1.04897267223921,1.04443339054711,1.05353168240655
33.6,4,1.04688162525674,1.04234752973559,1.05143544358782
33.8,4,1.04446044054174,1.03992154076302,1.04901915105656
34,4,1.04174748697936,1.03718929083709,1.04632571529151
34.2,4,1.03878102385417,1.03418577427146,1.04339669174011
34.4,4,1.0355991036225,1.03094727417208,1.04027192300884
34.6,4,1.03223948838627,1.02751137704479,1.03698935621372
34.8,4,1.02873958001918,1.02391682723661,1.0335850484597
35,4,1.02513636381959,1.02020324433601,1.03009333704798
35.2,4,1.02146636550228,1.01641075393373,1.02654712360556
35.4,4,1.01776562129181,1.01257959027915,1.02297821309823
35.6,4,1.0140696608445,1.00874971908427,1.01941765890036
35.8,4,1.01041350270264,1.00496050848732,1.0158960852905
36,4,1.00683166197429,1.00125045536498,1.01244397954796
36.2,4,1.00335816993328,0.997656958428551,1.00909196158728
36.4,4,1.00002660524719,0.994216120209079,1.00587104843151
36.6,4,0.996870136565526,0.990962555992168,1.00281293492589
36.8,4,0.993921576235573,0.987929187464067,0.999950312473723
37,4,0.991213444959002,0.985147001733317,0.997317244775476
37.2,4,0.988778047258785,0.982644763725312,0.994949612344545
37.4,4,0.986647557691967,0.980448685066767,0.992885622599648
37.6,4,0.984854117820446,0.978582080633933,0.991166354445767
37.8,4,0.983429944038549,0.977065089499104,0.989836260885616
38,4,0.982407446453369,0.975914597232203,0.988943493195228
38.2,4,0.981812694522174,0.975137793340945,0.988533285970034
38.4,4,0.981638243277583,0.974706467554724,0.988619315395072
38.6,4,0.981866389611207,0.974584368433335,0.989202821504203
38.8,4,0.982479919723011,0.974740258141788,0.990281035995257
39,4,0.983462043982628,0.975148803522436,0.991846155643912
39.2,4,0.984796331118121,0.975790374609126,0.993885407172822
39.4,4,0.986466645985641,0.976649992884769,0.996381969724721
39.6,4,0.988457090699243,0.977715919375201,0.999316264358244
39.8,4,0.990751948930908,0.97897832150665,1.00266717121961
40,4,0.993335633219546,0.980428249023457,1.00641294373809
0,5,1.03925086550944,1.0171522188111,1.06182962735364
0.2,5,1.0380969723693,1.01769544633165,1.05890748349789
0.4,5,1.03696969740735,1.01820042235552,1.05608496100744
0.6,5,1.03587136348567,1.0186618313438,1.05337163784191
0.8,5,1.03480428554964,1.01907366503384,1.05077772700204
1,5,1.03377077131408,1.01942913605499,1.04831416900533
1.2,5,1.03277312200128,1.01972064774499,1.04599266856761
1.4,5,1.03181363313084,1.01993989432278,1.04382560133269
1.6,5,1.0308945953611,1.02007821236417,1.041825669702
1.8,5,1.03001829538216,1.02012734977451,1.0400051415703
2,5,1.02918701686057,1.02008081649581,1.03837450773069
2.2,5,1.02840304143555,1.01993584828434,1.0369405266154
2.4,5,1.02766864976703,1.01969568062455,1.03570395930985
2.6,5,1.02698612263565,1.01937138409384,1.03465774353062
2.8,5,1.02635774209492,1.01898231630764,1.03378655144408
3,5,1.02578579267591,1.01855468226668,1.0330682395118
3.2,5,1.02527236731852,1.01811833357824,1.03247667045978
3.4,5,1.0248162172797,1.01769843927631,1.03198377698832
3.6,5,1.02441329342349,1.01731214611336,1.03156400889547
3.8,5,1.02405947417786,1.01697137332235,1.03119697777473
4,5,1.02375065104763,1.01668336820009,1.0308670607801
4.2,5,1.0234827267382,1.01645142712976,1.03056266533998
4.4,5,1.0232516134451,1.01627565158647,1.03027545999307
4.6,5,1.02305323130798,1.01615362272043,1.02999968773191
4.8,5,1.02288350702839,1.01608095876822,1.02973159758756
5,5,1.02273837265045,1.01605176051864,1.02946898921543
5.2,5,1.02261376450376,1.01605896689046,1.02921084841456
5.4,5,1.02250562230826,1.01609464739836,1.02895704679577
5.6,5,1.0224098884404,1.01615025775735,1.02870807934228
5.8,5,1.02232250736066,1.01621688212898,1.02846481635555
6,5,1.02223942520187,1.01628548120029,1.02822825059241
6.2,5,1.02215658951844,1.01634715878854,1.02799922689935
6.4,5,1.02206994919629,1.01639345001041,1.02777815130491
6.6,5,1.02197545452335,1.01641662099005,1.02756468959634
6.8,5,1.0218690574205,1.01640995522073,1.02735748026661
7,5,1.02174671183306,1.01636798914605,1.02715389926714
7.2,5,1.02160437428233,1.01628665494066,1.02694991858741
7.4,5,1.02143800457729,1.01616329612985,1.02674009302292
7.6,5,1.02124356668606,1.01599654096845,1.02651769021135
7.8,5,1.02101702976665,1.0157860426554,1.02627495485993
8,5,1.02075436935684,1.01553211457704,1.02600347896929
8.2,5,1.02045182713582,1.01523551055654,1.02569494533736
8.4,5,1.02010927147924,1.0148996205669,1.0253456644083
8.6,5,1.01972923829074,1.01452896194122,1.02495617023622
8.8,5,1.01931432588335,1.01412701605614,1.0245281690568
9,5,1.01886713216841,1.01369640911911,1.02406423034996
9.2,5,1.01839025380663,1.01323912318967,1.02356757187137
9.4,5,1.01788628542484,1.01275668482933,1.02304186738651
9.6,5,1.01735781889845,1.01225033501413,1.02249107347479
9.8,5,1.01680744269967,1.0117211838322,1.02191927188205
10,5,1.01623774131139,1.01117035205923,1.02133052532891
10.2,5,1.01565129470661,1.01059909970029,1.02072874668614
10.4,5,1.01505067789344,1.01000893958721,1.02011758342757
10.6,5,1.01443846052527,1.00940173263161,1.01950032075925
10.8,5,1.0138172065761,1.00877976075752,1.01887980740012
11,5,1.01318947408079,1.00814577408851,1.0182584074374
11.2,5,1.01255781493986,1.00750301057538,1.01763798006941
11.4,5,1.01192477478871,1.00685518855107,1.01701988674735
11.6,5,1.01129289293103,1.00620647511553,1.01640502281143
11.8,5,1.01066470233589,1.00556143518556,1.01579386878456
12,5,1.01004272969854,1.00492496706461,1.01518655546677
12.2,5,1.00942949556444,1.00430223034434,1.014582937017
12.4,5,1.00882751451628,1.00369857095969,1.01398266719856
12.6,5,1.0082392954238,1.00311944655781,1.0133852756269
12.8,5,1.00766734175613,1.00257035329353,1.01279024290536
13,5,1.00711415195637,1.00205675290494,1.0121970757948
13.2,5,1.00658208560185,1.00158368642667,1.01160542926708
13.4,5,1.00607194193507,1.00115237709843,1.01101568103202
13.6,5,1.00558351792502,1.00076139101528,1.01042888005161
13.8,5,1.00511659567065,1.00040894900727,1.00984639521173
14,5,1.00467095900467,1.00009302879591,1.00926984470896
14.2,5,1.00424639345077,0.999811414444876,1.00870104520545
14.4,5,1.00384268618135,0.999561735943352,1.00814197098968
14.6,5,1.00345962597589,0.999341502906329,1.00759471915784
14.8,5,1.00309700317987,0.999148135989406,1.00706147721733
15,5,1.00275460966427,0.998978999546504,1.00654448958327
15.2,5,1.00243223878562,0.998831439219698,1.00604601927806
15.4,5,1.00212968534662,0.998702828404237,1.00556830089042
15.6,5,1.00184674555723,0.998590627648146,1.00511348073383
15.8,5,1.0015832169964,0.99849246065717,1.0046835405333
16,5,1.00133889857421,0.998406209173732,1.00428020237136
16.2,5,1.00111359049461,0.998330126036737,1.00390481558616
16.4,5,1.0009070942186,0.998262960911643,1.00355823113204
16.6,5,1.00071921242794,0.998204086938565,1.00324067515467
16.8,5,1.00054974898937,0.99815361049311,1.00295163958595
17,5,1.00039850891926,0.998112443124609,1.00268981069393
17.2,5,1.00026529834876,0.998082317318025,1.00245305394177
17.4,5,1.00014992448945,0.998065736956449,1.00223846427854
17.6,5,1.00005219559939,0.998065866861138,1.00204247748541
17.8,5,0.999971920949661,0.998086378408724,1.00186102557776
18,5,0.999908910791359,0.99813127473237,1.00168971275652
18.2,5,0.999862900903868,0.998204462328148,1.00152409484546
18.4,5,0.999832895788841,0.998307219182434,1.0013609040313
18.6,5,0.999817489132837,0.998438789512166,1.00119809253836
18.8,5,0.999815270803009,0.998597774283695,1.00103425170153
19,5,0.999824831240082,0.998782289047911,1.00086846165161
19.2,5,0.999844761282366,0.998990075649524,1.00070017814122
19.4,5,0.999873652009653,0.999218588368882,1.00052914509437
19.6,5,0.999910094606991,0.99946506011075,1.00035532726494
19.8,5,0.999952680248328,0.999726553400319,1.00017885824367
20,5,1,1,1
20.2,5,1.00005064474409,0.999819110987895,1.00028223211786
20.4,5,1.00010320512162,0.999636620525661,1.00057000749789
20.6,5,1.00015627149563,0.999453007678581,1.00086003016335
20.8,5,1.00020843393412,0.999268783252128,1.0011489682056
21,5,1.00025828221282,0.999084473765666,1.00143346974884
21.2,5,1.00030440583792,0.998900606442827,1.00171017805467
21.4,5,1.00034539408862,0.998717694338781,1.00197574664664
21.6,5,1.00037983607957,0.99853622073357,1.00222685532567
21.8,5,1.00040632084329,0.998356621854291,1.00246022801386
22,5,1.00042343743236,0.998179266839258,1.0026726535136
22.2,5,1.00042977504162,0.998004433607832,1.00286101051844
22.4,5,1.00042392315018,0.997832278923609,1.00302229858795
22.6,5,1.00040447168332,0.997662800397767,1.00315367733965
22.8,5,1.00037001119426,0.997495787423129,1.00325251686732
23,5,1.00031913306573,0.997330756998944,1.00331646342522
23.2,5,1.00025090126342,0.997167087423486,1.00334425202843
23.4,5,1.00016824568008,0.997005600843151,1.00334092288028
23.6,5,1.00007598881947,0.996847910014223,1.00331452106768
23.8,5,0.999978964768876,0.996695663586221,1.00327308175725
24,5,0.999882005878095,0.996550599483026,1.00322454895662
24.2,5,0.999789942645797,0.996414612569685,1.00317670656981
24.4,5,0.999707603839354,0.996289829517542,1.00313710284305
24.6,5,0.999639816847946,0.99617868701559,1.00311297205273
24.8,5,0.999591408268835,0.996084007250112,1.00311115951286
25,5,0.999567204726762,0.996009063170173,1.00313805738389
25.2,5,0.999572033926504,0.995957626003144,1.00319955881819
25.4,5,0.999610725938768,0.995933989042525,1.00330103641956
25.6,5,0.999688114719751,0.995942964675969,1.00344734804877
25.8,5,0.999809039864874,0.995989855241955,1.00364286938714
26,5,0.99997834859745,0.996080401641901,1.00389154933216
26.2,5,1.00020089799326,0.996220715862388,1.00419698207191
26.4,5,1.00048155744233,0.996417204275748,1.00456248897246
26.6,5,1.00082521134949,0.996676487879713,1.00499120412042
26.8,5,1.0012367620757,0.997005323950096,1.00548615905086
27,5,1.00172113312245,0.997410531461765,1.00605036431039
27.2,5,1.00228327256195,0.99789892052935,1.00668688761043
27.4,5,1.00292815671642,0.998477224280927,1.00739893016488
27.6,5,1.00366079409005,0.999152030065224,1.00818990432088
27.8,5,1.00448622955797,0.999929705637747,1.00906351684798
28,5,1.00540954881689,1.00081631485701,1.01002386336659
28.2,5,1.0064342036059,1.00181564651454,1.01107405310737
28.4,5,1.00755197536082,1.00291800215551,1.01220735979578
28.6,5,1.00874964594474,1.0041078072082,1.01341294320068
28.8,5,1.01001393593478,1.00536926602854,1.01468006358722
29,5,1.01133151316597,1.00668649284752,1.01599796638722
29.2,5,1.01268898474675,1.00804361920167,1.01735575752127
29.4,5,1.01407289084438,1.00942489993939,1.01874228385611
29.6,5,1.01546970025364,1.01081481581047,1.02014602081829
29.8,5,1.01686580776427,1.01219816764169,1.02155497219407
30,5,1.01824753334385,1.01356015520411,1.02295658904629
30.2,5,1.01960112315357,1.01488643353458,1.02433771502436
30.4,5,1.02091275241421,1.01616314086686,1.02568456394988
30.6,5,1.02216853013888,1.01737689518492,1.02698273270338
30.8,5,1.02335450574782,1.01851475999161,1.02821724885263
31,5,1.02445667757819,1.01956418321766,1.02937264912775
31.2,5,1.02546100329905,1.02051291541438,1.03043308262307
31.4,5,1.02635341223818,1.02134891402012,1.03138243195137
31.6,5,1.02711981962289,1.02206023960027,1.03220444645685
31.8,5,1.02774614273207,1.0226349479402,1.03288288360199
32,5,1.02821831895107,1.02306097927601,1.0334016572255
32.2,5,1.02852232571426,1.02332604328178,1.03374499401985
32.4,5,1.02864420231312,1.02341749605803,1.03389760193468
32.6,5,1.02857007353985,1.02332220354484,1.03384485601599
32.8,5,1.028286175128,1.02302638480679,1.03357300814784
33,5,1.02777888094217,1.02251542904912,1.03306942673038
33.2,5,1.02703843020192,1.021777180885,1.03232677030232
33.4,5,1.02607723062547,1.02081938025358,1.03136216217458
33.6,5,1.02491588273897,1.01965732641225,1.03020155838698
33.8,5,1.02357503449585,1.01830670967685,1.02887061558857
34,5,1.02207533094841,1.01678394660772,1.02739425186492
34.2,5,1.02043738069594,1.01510647469322,1.02579628234199
34.4,5,1.01868172642671,1.01329295888585,1.02409915183533
34.6,5,1.01682881955908,1.01136337877621,1.02232379576274
34.8,5,1.01489899897184,1.00933898263371,1.02048964305963
35,5,1.01291247380117,1.00724211846729,1.01861475088358
35.2,5,1.01088931027088,1.00509597302641,1.01671604010404
35.4,5,1.00884942251412,1.00292425970772,1.01480959051053
35.6,5,1.00681256733872,1.00075089383024,1.01291095716286
35.8,5,1.00479834288427,0.998599682253222,1.01103548078934
36,5,1.0028261911173,0.996494039551847,1.00919857989628
36.2,5,1.00091540411118,0.994456729615535,1.00741602560663
36.4,5,0.999085134059807,0.992509621886977,1.00570420990132
36.6,5,0.997354406978468,0.99067344584322,1.00408042356754
36.8,5,0.995742140051827,0.988967525264158,1.00256316223342
37,5,0.99426716259724,0.987409475218656,1.00117247750763
37.2,5,0.992948240622019,0.986014850593724,0.999930384375733
37.4,5,0.991804104965503,0.984796748157651,0.998861322873653
37.6,5,0.990853483030994,0.983765388911392,0.9979926473334
37.8,5,0.990115134128764,0.982927747973514,0.997355076049023
38,5,0.989607888469462,0.982287354116507,0.996982979386735
38.2,5,0.989346886107781,0.981840520335741,0.996910639536918
38.4,5,0.989328028119482,0.98156205655441,0.99715544288516
38.6,5,0.989541225896008,0.981422569279981,0.997727042762179
38.8,5,0.989976547705209,0.981396986166739,0.99863111342367
39,5,0.990624198297249,0.981465693852791,0.999868164927685
39.2,5,0.991474497089911,0.981614667060176,1.00143336419751
39.4,5,0.992517857457537,0.981834704109793,1.00331725212877
39.6,5,0.993744767082329,0.982120172239227,1.0055069532397
39.8,5,0.995145769332576,0.982467697320296,1.00798744317155
40,5,0.996711445637803,0.98287507849953,1.01074259343516
0,6,1.03174659928625,1.00928670500584,1.05470629887331
0.2,6,1.03071076648485,1.00996016217562,1.05188771194626
0.4,6,1.0297004333947,1.01059233716364,1.04916982203631
0.6,6,1.02871785078251,1.01117750996011,1.04656245426219
0.8,6,1.02776526265821,1.01170925176104,1.04407608538544
1,6,1.02684490691611,1.01218035885324,1.04172191609622
1.2,6,1.02595901602506,1.01258286058277,1.03951186963338
1.4,6,1.02510981776773,1.01290818317084,1.03745843497302
1.6,6,1.02429953602877,1.01314759466722,1.03557422929417
1.8,6,1.02353039163188,1.01329308876287,1.03387112199999
2,6,1.02280460322591,1.0133388363085,1.03235879144932
2.2,6,1.02212438821982,1.01328316677449,1.03104275216509
2.4,6,1.02149196376694,1.01313070060541,1.02992223157081
2.6,6,1.02090954779849,1.01289387372736,1.02898865500163
2.8,6,1.02037936010672,1.01259302761071,1.02822556559422
3,6,1.01990362347797,1.01225474880821,1.02761029514377
3.2,6,1.01948437618651,1.01190869882828,1.0271167690246
3.4,6,1.01912042855418,1.01157957754299,1.02671749307071
3.6,6,1.01880788451351,1.01128405057329,1.02638769488996
3.8,6,1.01854277642511,1.0110336321526,1.02610769257891
4,6,1.0183211477378,1.01083528118487,1.02586245180769
4.2,6,1.01813905123086,1.01069211715589,1.02564085545489
4.4,6,1.01799254741085,1.01060415343457,1.02543495696323
4.6,6,1.01787770306197,1.01056894776833,1.02523931759304
4.8,6,1.01779058994934,1.01058214071561,1.02505045681481
5,6,1.01772728367446,1.01063788863342,1.02486640921009
5.2,6,1.0176838626825,1.01072921254539,1.02468636654533
5.4,6,1.01765640742091,1.01084828823742,1.02451037966401
5.6,6,1.01764099964931,1.01098670220422,1.02433909556809
5.8,6,1.01763372190021,1.01113569520267,1.02417350792952
6,6,1.01763065709071,1.01128641071494,1.02401470372647
6.2,6,1.01762788828491,1.01143015908849,1.02386359523674
6.4,6,1.01762149860717,1.01155869879542,1.02372063594596
6.6,6,1.01760757130607,1.01166452416706,1.02358553101586
6.8,6,1.01758218996916,1.01174113578084,1.02345696613717
7,6,1.01754143888843,1.01178325908662,1.02333238918167
7.2,6,1.01748140357647,1.01178697358686,1.02320788234093
7.4,6,1.01739817143321,1.01174972223786,1.02307815508575
7.6,6,1.01728783256299,1.01167018784766,1.02293667117187
7.8,6,1.01714648074193,1.01154804427371,1.02277590188861
8,6,1.016970214535,1.01138360685484,1.02258768111495
8.2,6,1.01675538661301,1.01117761996297,1.02236392083562
8.4,6,1.01650182989606,1.0109333673374,1.02210096487713
8.6,6,1.01621193818237,1.01065520570405,1.02179922240145
8.8,6,1.01588816598895,1.01034647652219,1.0214602512881
9,6,1.01553296829963,1.01000968238908,1.02108645856146
9.2,6,1.01514879978109,1.00964669373217,1.02068088975524
9.4,6,1.01473811405781,1.00925893460859,1.02024703949827
9.6,6,1.01430336304589,1.00884755062977,1.01978868030553
9.8,6,1.01384699634587,1.00841356197956,1.01930970660665
10,6,1.01337146069458,1.00795800323402,1.01881399230465
10.2,6,1.01287919947583,1.00748204990438,1.01830526194304
10.4,6,1.01237265228999,1.00698712985435,1.01778697733
10.6,6,1.01185425458239,1.00647501644637,1.01726224276432
10.8,6,1.01132643733022,1.00594789980494,1.01673373247397
11,6,1.01079162678792,1.00540843312772,1.01620364333544
11.2,6,1.01025224429089,1.0048597524555,1.01567367446133
11.4,6,1.00971070611724,1.00430547039997,1.01514503315585
11.6,6,1.00916942340742,1.00374964651737,1.01461846454841
11.8,6,1.00863080214151,1.00319673877973,1.01409430045207
12,6,1.00809724317401,1.0026515415497,1.01357252203922
12.2,6,1.00757114232583,1.00211911546246,1.01305283092947
12.4,6,1.00705489053331,1.001604713743,1.01253472415994
12.6,6,1.00655087405409,1.00111370796574,1.01201757002984
12.8,6,1.00606147472957,1.0006515143378,1.01150068373689
13,6,1.00558907030392,1.0002235194069,1.01098340390388
13.2,6,1.00513590553656,0.999834692947591,1.01046522562681
13.4,6,1.00470272360775,0.999486201461285,1.00994647184625
13.6,6,1.00428930281971,0.999176559462295,1.00942820786436
13.8,6,1.00389540697375,0.998903931074675,1.00891182504281
14,6,1.00352080135086,0.998666232749997,1.00839896826269
14.2,6,1.00316525266859,0.998461183739264,1.00789148396623
14.4,6,1.00282852903849,0.998286346907953,1.00739137800332
14.6,6,1.00251039992427,0.998139163836472,1.00690077933959
14.8,6,1.00221063610052,0.998016987772418,1.00642190605883
15,6,1.00192900961212,0.997917117918312,1.00595703017543
15.2,6,1.0016652937342,0.997836838660932,1.00550843765006
15.4,6,1.00141926293274,0.997773467540817,1.00507837980942
15.6,6,1.00119069282571,0.997724415801753,1.00466901232976
15.8,6,1.00097936014491,0.997687264908175,1.00428231839597
16,6,1.00078504269824,0.997659861013988,1.00392001405223
16.2,6,1.00060751933265,0.997640426530835,1.00358343659613
16.4,6,1.00044656989763,0.997627683438349,1.00327342137333
16.6,6,1.00030197520923,0.997620977215242,1.00299017809405
16.8,6,1.00017351701462,0.997620384695268,1.0027331833671
17,6,1.00006097795728,0.997626786190486,1.00250110910906
17.2,6,0.99996414154261,0.9976418843706,1.00229180434008
17.4,6,0.999882792104149,0.997668160576235,1.00210233968832
17.6,6,0.999816714770295,0.99770877153394,1.00192911163562
17.8,6,0.999765695431539,0.99776740134597,1.00176799163148
18,6,0.999729520708223,0.997848090307497,1.00161449852302
18.2,6,0.999707922446186,0.997954822865461,1.00146410168349
18.4,6,0.999700094595563,0.998089130000491,1.00131365936616
18.6,6,0.999704928869128,0.998250591281901,1.00116138526083
18.8,6,0.999721314093528,0.998438129534224,1.00100614779119
19,6,0.999748139449857,0.99865016798526,1.00084731808527
19.2,6,0.999784294351452,0.998884743173347,1.00068465562534
19.4,6,0.999828668334049,0.999139592666452,1.00051821923582
19.6,6,0.999880150958276,0.999412222918509,1.00034829808347
19.8,6,0.999937631724498,0.999699961865312,1.0001753580876
20,6,1,1,1
20.2,6,1.0000661449585,0.999822926207384,1.00030942287546
20.4,6,1.00013495553202,0.999644913962226,1.00062523732786
20.6,6,1.00020532037508,0.999466793253001,1.00094439321044
20.8,6,1.00027612784123,0.999289427897357,1.00126380205417
21,6,1.000346265972,0.999113698701857,1.0015803538119
21.2,6,1.00041462249811,0.998940487697828,1.00189093267663
21.4,6,1.00048008485312,0.998770662547273,1.00219243288028
21.6,6,1.00054154019942,0.998605060222132,1.00248177536969
21.8,6,1.00059787546663,0.99844446899398,1.00275592632319
22,6,1.00064797740227,0.998289607621755,1.00301191862016
22.2,6,1.00069073263501,0.998141100376091,1.00324687762509
22.4,6,1.00072502775006,0.997999446164583,1.00345805302202
22.6,6,1.00074974937719,0.997864979486121,1.00364285897102
22.8,6,1.00076378429091,0.99773782019658,1.00379892560445
23,6,1.00076601952317,0.99761780805831,1.0039241658903
23.2,6,1.00075559448654,0.99750440916478,1.00401737645919
23.4,6,1.00073371465869,0.997396675064673,1.00408191915181
23.6,6,1.00070259754904,0.997293544795407,1.00412330348217
23.8,6,1.00066446762538,0.997193995215887,1.00414701810474
24,6,1.00062154920008,0.997097101903062,1.00415845438984
24.2,6,1.00057606629903,0.997002107428272,1.00416283675958
24.4,6,1.0005302425799,0.996908496045422,1.0041651468395
24.6,6,1.00048630129985,0.996816070915944,1.00417004530122
24.8,6,1.00044646533265,0.996725027908096,1.00418179735814
25,6,1.00041295723525,0.996636018749342,1.00420420913554
25.2,6,1.00038799936363,0.996550196345202,1.00424058210119
25.4,6,1.00037381403809,0.99646923661371,1.00429369120711
25.6,6,1.00037262375793,0.996395333989206,1.00436578958845
25.8,6,1.00038665146547,0.996331171157603,1.00445863925699
26,6,1.00041812085954,0.996279866722793,1.0045735640893
26.2,6,1.0004692567584,0.996244906616507,1.00471151929713
26.4,6,1.00054228551221,0.996230065778701,1.00487317085287
26.6,6,1.00063943546516,0.996239326025604,1.00505897895292
26.8,6,1.00076293746727,0.996276794480342,1.00526928114442
27,6,1.00091502543616,0.996346624963803,1.00550437271795
27.2,6,1.00109793696887,0.996452942748385,1.0057645839643
27.4,6,1.00131391400397,0.996599771310224,1.00605035566062
27.6,6,1.00156520353424,0.996790958249855,1.00636231561717
27.8,6,1.00185405837023,0.997030096341268,1.00670136032619
28,6,1.002182737955,0.997320434621939,1.00706874680223
28.2,6,1.00255280436436,0.997663874049033,1.0074656922873
28.4,6,1.00296091446453,0.998055561741011,1.00789037655257
28.6,6,1.00340163332357,0.998487668214187,1.00833978205971
28.8,6,1.00386951225281,0.998952199499221,1.00881103033347
29,6,1.004359094858,0.999441128310757,1.00930126132485
29.2,6,1.0048649157069,0.999946508621752,1.00980751481437
29.4,6,1.00538149929418,1.0004605850113,1.01032661782632
29.6,6,1.00590335930426,1.00097589493848,1.01085507990359
29.8,6,1.00642499817326,1.00148535945551,1.01138900073262
30,6,1.00694090695079,1.00198235631411,1.01192399616766
30.2,6,1.00744556546291,1.00246076927401,1.01245514884928
30.4,6,1.00793344277729,1.00291500878576,1.01297698824836
30.6,6,1.00839899797143,1.00334000180229,1.01348350238524
30.8,6,1.00883668120512,1.00373115161617,1.01396818033017
31,6,1.00924093509768,1.00408427149197,1.01442408171912
31.2,6,1.00960619641084,1.00439549774479,1.01484392763594
31.4,6,1.00992689803738,1.00466118842836,1.0152202066997
31.6,6,1.01019747129579,1.00487781296749,1.01554529102279
31.8,6,1.01041234853063,1.00504183624252,1.01581155853182
32,6,1.01056596601801,1.00514959827547,1.01601152050008
32.2,6,1.01065276717505,1.00519718821389,1.01613795559208
32.4,6,1.01066720607198,1.00518030908305,1.01618405394464
32.6,6,1.01060375124471,1.00509412801959,1.01614357656457
32.8,6,1.01045688980528,1.00493310567848,1.01601103634217
33,6,1.01022113184714,1.00469079870044,1.01578190678225
33.2,6,1.00989253423466,1.00436096251251,1.01545457138393
33.4,6,1.00947621912516,1.0039442574477,1.01503866317231
33.6,6,1.0089806508988,1.00344407102547,1.0145477792776
33.8,6,1.00841430277646,1.0028641032151,1.01399521907709
34,6,1.00778564534587,1.00220871713416,1.01339360714144
34.2,6,1.00710314101035,1.00148324477485,1.01275457370327
34.4,6,1.00637523914474,1.00069421235134,1.01208851761406
34.6,6,1.00561037195819,0.999849457013572,1.01140448004081
34.8,6,1.00481695106298,0.998958120493871,1.01071014332848
35,6,1.00400336474719,0.998030525335608,1.01001194936869
35.2,6,1.00317797594863,0.997077957903586,1.00931531326229
35.4,6,1.00234912092672,0.996112392720901,1.00862489771682
35.6,6,1.00152510862875,0.995146192465711,1.00794491383073
35.8,6,1.00071422074651,0.994191809399864,1.00727942247763
36,6,0.999924712459507,0.993261501594914,1.00663262291122
36.2,6,0.99916481386085,0.992367065230145,1.00600912730418
36.4,6,0.998442732062168,0.991519574874783,1.00541422929916
36.6,6,0.997766653974451,0.990729117754674,1.00485418056511
36.8,6,0.997144749762155,0.990004505431521,1.00433649192822
37,6,0.996585176968653,0.98935294713505,1.00387027483941
37.2,6,0.996096085312043,0.988779674191666,1.00346663374236
37.4,6,0.99568562215128,0.988287517075076,1.00313910783057
37.6,6,0.995361938623831,0.987876459499601,1.00290413779355
37.8,6,0.995133196457391,0.987543231607044,1.00278149553006
38,6,0.995007575459656,0.987281056060916,1.00279456305198
38.2,6,0.994991632781748,0.987077932829754,1.0029687792407
38.4,6,0.995083549754129,0.986910974124066,1.00332380220022
38.6,6,0.995278867725267,0.986756172092625,1.00387517459329
38.8,6,0.995573156592434,0.986593478846129,1.00463456467059
39,6,0.995962011381396,0.986408053506475,1.00560850510976
39.2,6,0.996441047922318,0.986190561653199,1.00679807796993
39.4,6,0.997005898732379,0.985936576423952,1.00819949870663
39.6,6,0.997652209101644,0.985645429370007,1.0098052511252
39.8,6,0.998375633379201,0.985318930858488,1.01160535346344
40,6,0.999171831457083,0.984960260217404,1.01358845539306
0,7,1.02488929461507,1.0031321627147,1.04711832125287
0.2,7,1.024020084699,1.00391909063541,1.04452355139819
0.4,7,1.02317329232542,1.00466404638363,1.04202354000463
0.6,7,1.02235092308098,1.00536124323218,1.03962771288484
0.8,7,1.02155497757765,1.00600419536027,1.03734614331299
1,7,1.02078745195771,1.00658565097133,1.03518962451809
1.2,7,1.0200503384379,1.0070975974696,1.03316967050821
1.4,7,1.01934562589289,1.00753141928996,1.0312983646299
1.6,7,1.01867530047784,1.00787833235068,1.02958793189192
1.8,7,1.01804134629018,1.00813025175751,1.02804987842545
2,7,1.01744574607061,1.00828122129218,1.02669356954849
2.2,7,1.01689048194333,1.00832936785559,1.02552428326678
2.4,7,1.01637753619566,1.00827900431917,1.02454111576061
2.6,7,1.0159088920972,1.00814212697788,1.02373549266908
2.8,7,1.01548653475868,1.00793848986763,1.02309110391411
3,7,1.01511245203082,1.00769395122212,1.02258556679664
3.2,7,1.0147884668347,1.00743735998533,1.02219321351722
3.4,7,1.01451351718354,1.00719292774124,1.02188731493212
3.6,7,1.01428412104426,1.00697719809864,1.02164406517352
3.8,7,1.01409673046498,1.00680167523063,1.02144464400517
4,7,1.0139478056161,1.00667341179515,1.02127476544788
4.2,7,1.01383381339036,1.0065957157939,1.02112395775792
4.4,7,1.01375122612701,1.00656887028566,1.02098483155192
4.6,7,1.0136965204596,1.00659076944179,1.02085243257471
4.8,7,1.01366617628676,1.00665744357843,1.02072370646287
5,7,1.01365667586567,1.00676348042695,1.02059706823224
5.2,7,1.01366450302791,1.00690236390403,1.0204720552198
5.4,7,1.01368614251747,1.00706675533486,1.02034903852057
5.6,7,1.01371807945077,1.00724874125954,1.02022896878516
5.8,7,1.01375679889861,1.00744006912781,1.02011313507004
6,7,1.01379878558999,1.007632387883,1.02000291973851
6.2,7,1.01384052373794,1.00781750413689,1.01989953871013
6.4,7,1.01387849698706,1.0079876556195,1.01980376537545
6.6,7,1.01390918848323,1.00813579181857,1.01971564826232
6.8,7,1.01392908106512,1.00825583877633,1.01963424548797
7,7,1.01393465757777,1.00834291445189,1.01955740959034
7.2,7,1.01392240130817,1.0083934575505,1.01948165983917
7.4,7,1.01388879654276,1.00840523962539,1.01940217222276
7.6,7,1.01383032924673,1.00837724687045,1.01931290069319
7.8,7,1.01374348786513,1.00830943870899,1.01920682256508
8,7,1.01362476424537,1.00820240684999,1.0190762843957
8.2,7,1.01347087832913,1.00805714962245,1.01891368123912
8.4,7,1.01328168706164,1.0078769017547,1.01871545577337
8.6,7,1.01305935628115,1.00766576450202,1.01848181758558
8.8,7,1.01280610685687,1.00742684255325,1.01821409432254
9,7,1.01252416042859,1.00716242011335,1.01791444456024
9.2,7,1.01221573875616,1.00687416261524,1.01758565253521
9.4,7,1.01188306311742,1.00656329818057,1.01723094342369
9.6,7,1.01152835375458,1.00623078171571,1.01685381628341
9.8,7,1.01115382936908,1.0058774445143,1.01645789178766
10,7,1.01076170666499,1.00550413102088,1.01604677309784
10.2,7,1.01035419994087,1.00511182266837,1.01562391996155
10.4,7,1.00993352073017,1.00470174696971,1.01519253785591
10.6,7,1.00950187748996,1.00427546877317,1.01475548526609
10.8,7,1.00906147533794,1.0038349601331,1.01431520264662
11,7,1.00861451583771,1.0033826457801,1.01387366608041
11.2,7,1.00816319683209,1.00292142262766,1.01343236719757
11.4,7,1.00770971232439,1.00245465380115,1.01299231886687
11.6,7,1.00725625240746,1.00198613982168,1.01255408402603
11.8,7,1.00680500324044,1.00152007130549,1.01211782328903
12,7,1.00635814707302,1.00106096847155,1.0116833560363
12.2,7,1.00591786231703,1.00061361274452,1.01125022969963
12.4,7,1.00548632366528,1.00018297488012,1.01081779281347
12.6,7,1.00506570225747,0.999774142549162,1.01038526889551
12.8,7,1.00465816589305,0.999392248434026,1.00995183010188
13,7,1.00426587929087,0.999042397762166,1.00951667173184
13.2,7,1.00389088385128,0.998729296137058,1.00907914745038
13.4,7,1.00353382117875,0.998454003526811,1.00863948333357
13.6,7,1.00319443309491,0.998215033723289,1.00819867122098
13.8,7,1.00287244776563,0.998010559026816,1.00775802158663
14,7,1.00256759459748,0.99783850967079,1.00731909221322
14.2,7,1.0022796041926,0.997696622982386,1.00688363761077
14.4,7,1.00200820830438,0.997582483141601,1.00645356797713
14.6,7,1.00175313979382,0.997493555378449,1.00603091385994
14.8,7,1.00151413258685,0.997427218080369,1.0056177930472
15,7,1.00129092163222,0.997380796200117,1.00521637629559
15.2,7,1.00108324286032,0.997351599472971,1.00482884838738
15.4,7,1.00089083314269,0.9973369691394,1.00445736081908
15.6,7,1.00071343025223,0.997334336910762,1.00410397238413
15.8,7,1.00055077282428,0.997341299478852,1.00377057434839
16,7,1.00040260031828,0.997355710508774,1.00345879827874
16.2,7,1.0002686529803,0.997375789302841,1.00316990733692
16.4,7,1.00014867180617,0.997400240946219,1.00290467622775
16.6,7,1.00004239850545,0.997428377138931,1.00266327059715
16.8,7,0.99994957546597,0.997460221484628,1.00244514210934
17,7,0.999869945719197,0.997496580098674,1.0022489583409
17.2,7,0.999803252906227,0.997539060447391,1.00207258457985
17.4,7,0.999749241244496,0.997590029261844,1.00191312668643
17.6,7,0.999707655495177,0.997652512314675,1.00176703222738
17.8,7,0.999678240931257,0.997730050455357,1.00163023548836
18,7,0.999660743306296,0.997826532848919,1.00149832541986
18.2,7,0.999654874372217,0.997945814908742,1.00136686073233
18.4,7,0.99966001181706,0.998089552218749,1.00123294247956
18.6,7,0.999675345599502,0.998257605481094,1.00109509921326
18.8,7,0.999700063861486,0.998449195989442,1.00095249883423
19,7,0.999733354944812,0.998663057648626,1.00080479931087
19.2,7,0.999774407318215,0.998897547118644,1.00065203725019
19.4,7,0.999822409511029,0.999150729427553,1.00049454113212
19.6,7,0.999876550053456,0.999420444226323,1.00033286403375
19.8,7,0.999936017423417,0.999704357160823,1.00016773136836
20,7,1,1,1
20.2,7,1.00006768602349,0.999830625864676,1.00030480238935
20.4,7,1.00013826356201,0.999660637864014,1.00061611746375
20.6,7,1.0002109204847,0.999491116288873,1.0009312430624
20.8,7,1.00028484444157,0.99932317439279,1.001247439926
21,7,1.00035922284991,0.999157941988362,1.00156194800334
21.2,7,1.00043324288723,0.998996550101123,1.00187200183279
21.4,7,1.00050609149096,0.998840115797526,1.00217484588238
21.6,7,1.00057695536461,0.998689726312484,1.00246775072306
21.8,7,1.00064502099059,0.998546421537008,1.00274803097489
22,7,1.0007094746497,0.998411173780109,1.00301306611201
22.2,7,1.00076950244713,0.998284863475435,1.00326032545611
22.4,7,1.00082429034517,0.998168249136641,1.0034873990545
22.6,7,1.00087302420247,0.998061929340068,1.00369203666407
22.8,7,1.00091488981999,0.997966293781874,1.00387219779423
23,7,1.0009490729935,0.997881459465037,1.00402611675305
23.2,7,1.00097484900132,0.997807023240027,1.00415273193782
23.4,7,1.00099222630182,0.997740897844732,1.00425414983099
23.6,7,1.00100157262951,0.997680259008525,1.00433394302351
23.8,7,1.00100325839245,0.997622314378267,1.00439566043264
24,7,1.00099765418289,0.997564367018268,1.00444275758829
24.2,7,1.00098513074959,0.997503881980136,1.00447852893842
24.4,7,1.0009660589715,0.997438559314847,1.00450603383648
24.6,7,1.00094080983281,0.997366409748857,1.00452801998922
24.8,7,1.00090975439944,0.997285827179524,1.00454685020968
25,7,1.00087326379675,0.997195650880656,1.00456443958464
25.2,7,1.00083170918879,0.997095210310135,1.00458221016447
25.4,7,1.00078546175881,0.996984346892752,1.00460106880247
25.6,7,1.00073489269117,0.996863409893916,1.0046214110278
25.8,7,1.0006803731547,0.996733226854921,1.00464315048141
26,7,1.0006222742873,0.996595052165713,1.00466577033879
26.2,7,1.00056096718203,0.996450499457632,1.00468839103714
26.4,7,1.00049682287453,0.996301464230573,1.00470984789235
26.6,7,1.00043021233179,0.996150042552144,1.00472877276802
26.8,7,1.00036150644237,0.995998450164867,1.00474367546054
27,7,1.00029107600793,0.995848944401985,1.00475302239936
27.2,7,1.00021929173614,0.995703749357121,1.0047553122172
27.4,7,1.000146524235,0.995564983023335,1.00474914947456
27.6,7,1.0000731440085,0.99543458368843,1.00473331925153
27.8,7,0.999999521453653,0.995314231703355,1.00470686648996
28,7,0.999926026858955,0.995205261740241,1.00466918496951
28.2,7,0.999852999021381,0.995108336453079,1.00462028407415
28.4,7,0.999780558027158,0.995022079579466,1.00456179287152
28.6,7,0.999708730928532,0.994944153946891,1.00449612446095
28.8,7,0.999637544429043,0.994872078741408,1.00442583683351
29,7,0.999567025225789,0.994803353178406,1.00435350838584
29.2,7,0.999497200009594,0.994735570167444,1.00428162296323
29.4,7,0.999428095465193,0.994666523883409,1.00421246118289
29.6,7,0.999359738271423,0.994594309432539,1.00414799984905
29.8,7,0.999292155101417,0.994517410288933,1.0040898237841
30,7,0.999225372622808,0.994434767731481,1.00403905584564
30.2,7,0.999159417497942,0.994345826446085,1.00399631096451
30.4,7,0.999094316384093,0.994250551847542,1.00396167864945
30.6,7,0.999030095933688,0.994149417219171,1.00393473585997
30.8,7,0.998966782794544,0.994043361814739,1.00391458910307
31,7,0.998904403610099,0.993933723808681,1.00389994186746
31.2,7,0.998842985019665,0.993822153729411,1.00388918176062
31.4,7,0.998782553658681,0.993710514416992,1.0038804813072
31.6,7,0.998723136158968,0.99360077265787,1.00387190725611
31.8,7,0.998664759149004,0.993494885807779,1.00386153508504
32,7,0.998607449254192,0.993394684376499,1.0038475677287
32.2,7,0.99855123309715,0.993301749130247,1.00382845997495
32.4,7,0.99849613729799,0.993217279071363,1.00380305216918
32.6,7,0.998442188474624,0.993141944898937,1.00377071862315
32.8,7,0.998389413243058,0.99307572148392,1.00373153719473
33,7,0.998337838217713,0.993017692961123,1.00368648643629
33.2,7,0.998287544048998,0.992965704097847,1.00363790661714
33.4,7,0.998238932894615,0.992915864057949,1.00359053895469
33.6,7,0.998192525276888,0.992863803528458,1.00354984639149
33.8,7,0.998148841819346,0.992805425705149,1.00352101693811
34,7,0.998108403074059,0.992737254731152,1.00350861170899
34.2,7,0.998071729537202,0.992656739387523,1.00351625871801
34.4,7,0.998039341667345,0.992562482302189,1.00354642178841
34.6,7,0.998011759906451,0.992454366185663,1.00360027306811
34.8,7,0.997989504703589,0.992333561412123,1.0036776848313
35,7,0.997973096541369,0.99220241864635,1.00377733686553
35.2,7,0.997963055965084,0.992064268619725,1.00389691734067
35.4,7,0.997959903614579,0.991923161878594,1.00403338433619
35.6,7,0.997964160258832,0.991783581781528,1.00418325475013
35.8,7,0.997976346833264,0.991650156149009,1.00434289518632
36,7,0.997996984479767,0.991527381106253,1.00450880127936
36.2,7,0.998026594589464,0.991419358920714,1.00467786365618
36.4,7,0.9980656988482,0.991329542461834,1.00484762790744
36.6,7,0.998114819284769,0.99126047306779,1.0050165617849
36.8,7,0.998174478321881,0.991213495997587,1.0051843454476
37,7,0.998245198829881,0.991188438284575,1.00535219994244
37.2,7,0.998327504183218,0.991183238588231,1.00552326432422
37.4,7,0.998421918319679,0.991193529874475,1.0057030205871
37.6,7,0.998528965802389,0.991212197177566,1.00589974415718
37.8,7,0.998649171884601,0.991228968206218,1.00612492218682
38,7,0.998783062577258,0.99123014413378,1.0063935323143
38.2,7,0.998931023322879,0.991198338665152,1.00672403335615
38.4,7,0.999092719133167,0.991112821930504,1.00713686609424
38.6,7,0.999267585997107,0.990953962095987,1.00765095717712
38.8,7,0.999455059944863,0.990705841725761,1.00828154511468
39,7,0.999654577070156,0.990357522378097,1.00903890855266
39.2,7,0.999865573460287,0.989903409785435,1.00992799409365
39.4,7,1.00008748512937,0.989342738468241,1.01094892500138
39.6,7,1.00031974795477,0.988678493136476,1.01209807343322
39.8,7,1.00056179761673,0.987916171428396,1.01336929165004
40,7,1.00081306954123,0.987062689523918,1.0147550006653
0,8,1.01859307556164,0.998323965851036,1.03927371181324
0.2,8,1.01793211045905,0.99922132228419,1.03699326505056
0.4,8,1.01728884231294,1.00007778336333,1.03479609877347
0.6,8,1.01666487917088,1.00088775844805,1.03269069664936
0.8,8,1.01606182609071,1.00164498595861,1.03068617016114
1,8,1.01548128546153,1.00234244451934,1.02879235211584
1.2,8,1.01492485735006,1.00297231509136,1.02701983949898
1.4,8,1.01439413987255,1.00352606546857,1.0253799142998
1.6,8,1.01389072959185,1.00399477530271,1.02388422414086
1.8,8,1.01341622194001,1.00436986639008,1.02254405797982
2,8,1.01297221166624,1.00464440385237,1.02136905125168
2.2,8,1.01256029331023,1.00481500379728,1.02036528486725
2.4,8,1.01218206170103,1.00488404878768,1.01953307674189
2.6,8,1.01183911248151,1.00486146522565,1.01886521175083
2.8,8,1.01153304265844,1.0047651271845,1.01834654558224
3,8,1.01126545117841,1.00461940531842,1.01795546386337
3.2,8,1.01103780263082,1.00445208316153,1.01766670156248
3.4,8,1.01084921839766,1.00428715784016,1.01745415577424
3.6,8,1.01069685311697,1.00414159668215,1.01729490370261
3.8,8,1.010577805926,1.00402740819919,1.01717093924949
4,8,1.01048918081477,1.00395218723509,1.01706873845836
4.2,8,1.01042808571459,1.00391982111479,1.01697854243692
4.4,8,1.01039163166984,1.00393121481538,1.01689362207568
4.6,8,1.0103769320928,1.00398492974071,1.01680962997016
4.8,8,1.01038110210117,1.0040777065191,1.01672406911841
5,8,1.01040125793822,1.00420487951905,1.01663587069213
5.2,8,1.01043451647534,1.0043607053837,1.01654505857505
5.4,8,1.01047799479698,1.00453863150224,1.0164524747465
5.6,8,1.01052880986784,1.00473152942522,1.01635954050043
5.8,8,1.01058407828238,1.00493191555514,1.01626803116675
6,8,1.0106409160966,1.00513217754443,1.01617984590232
6.2,8,1.01069643874202,1.00532481903826,1.01609675991391
6.4,8,1.01074776102217,1.00550272666229,1.01602015521381
6.6,8,1.01079199719121,1.00565945102035,1.01595073814418
6.8,8,1.01082626111508,1.00578947920744,1.01588826616585
7,8,1.01084766651501,1.0058884636885,1.0158313190629
7.2,8,1.01085332729336,1.00595336683714,1.01577715526995
7.4,8,1.01084035794193,1.00598248652917,1.01572168792874
7.6,8,1.01080587403253,1.0059753459848,1.01565959748092
7.8,8,1.0107469927898,1.00593245447176,1.01558457418505
8,8,1.0106608337462,1.00585496484588,1.01548966458108
8.2,8,1.01054470655548,1.00574441070453,1.01536791363518
8.4,8,1.01039854421655,1.00560407336352,1.01521587391769
8.6,8,1.01022421077858,1.0054377471074,1.01503346077795
8.8,8,1.01002361624924,1.00524823458411,1.0148216831271
9,8,1.00979867128058,1.00503752851989,1.01458236890092
9.2,8,1.00955128669231,1.00480701001367,1.01431796385281
9.4,8,1.0092833730309,1.0045576262036,1.01403135121905
9.6,8,1.00899684016479,1.00429005052469,1.01372568903839
9.8,8,1.0086935969155,1.00400482879625,1.01340426188807
10,8,1.00837555072481,1.00370251308811,1.0130703450877
10.2,8,1.00804460735797,1.00338378343811,1.01272708129847
10.4,8,1.00770267064289,1.00304955559811,1.01237737134064
10.6,8,1.00735164224522,1.00270107156229,1.01202378247494
10.8,8,1.00699342147941,1.00233996907499,1.01166847795027
11,8,1.00662990515555,1.00196832683502,1.01131317110019
11.2,8,1.00626298746195,1.00158868364798,1.01095910573579
11.4,8,1.00589455988347,1.00120403197384,1.01060706238707
11.6,8,1.00552651115537,1.00081778861994,1.01025738764146
11.8,8,1.00516072725266,1.00043374716794,1.0099100419905
12,8,1.00479909141493,1.00005601768613,1.00956466063199
12.2,8,1.00444348420647,0.999688959228578,1.00922062172555
12.4,8,1.00409578361156,0.999337109674793,1.00887711754706
12.6,8,1.00375786516503,0.999005115886144,1.00853322556506
12.8,8,1.00343160211778,0.998697665222612,1.00818797839505
13,8,1.00311886563739,0.998419417342263,1.00784043370894
13.2,8,1.00282141644891,0.998174659589588,1.007489805143
13.4,8,1.00253975472116,0.997964305275424,1.00713618160819
13.6,8,1.00227357007141,0.997786907176806,1.00678040775862
13.8,8,1.00202253971315,0.99764069621032,1.00642362917553
14,8,1.00178634186794,0.997523674643565,1.00606722453153
14.2,8,1.00156465571803,0.997433662136621,1.00571275831493
14.4,8,1.00135716136023,0.997368332597493,1.00536194286016
14.6,8,1.00116353976066,0.997325245561035,1.00501660597416
14.8,8,1.00098347271075,0.997301875433954,1.0046786608158
15,8,1.00081664278413,0.997295641879177,1.00435007475451
15.2,8,1.00066273329469,0.997303944759301,1.00403283378817
15.4,8,1.00052142825559,0.997324207294923,1.00372889886406
15.6,8,1.00039241233934,0.997353931207358,1.00344015033321
15.8,8,1.00027537083893,0.997390767268507,1.00316831711518
16,8,1.00016998962993,0.997432603404161,1.0029148884268
16.2,8,1.00007595513362,0.997477669782734,1.0026810086428
16.4,8,0.999992954281147,0.997524655885078,1.00246736029264
16.6,8,0.99992067447868,0.997572828771134,1.00227404597774
16.8,8,0.999858803573539,0.99762213610208,1.00210048565042
17,8,0.999807029821341,0.9976732744603,1.00194534871241
17.2,8,0.999765041854137,0.997727705739879,1.00180653816002
17.4,8,0.999732528649523,0.997787612796575,1.00168123558749
17.6,8,0.999709179500739,0.997855798029263,1.0015660033763
17.8,8,0.999694683987751,0.997935540383399,1.00145692858019
18,8,0.999688731949307,0.998030432515216,1.00134978676733
18.2,8,0.999691000970617,0.998144038846911,1.00124036063588
18.4,8,0.999701047624206,0.998278039031101,1.00112608466367
18.6,8,0.999718360487213,0.998432532488682,1.00100584443503
18.8,8,0.9997424275078,0.998607020449017,1.00087912551404
19,8,0.999772736728862,0.998800549777865,1.00074586996235
19.2,8,0.999808776254744,0.999011817478862,1.00060637080217
19.4,8,0.999850034220566,0.999239251404299,1.0004611903765
19.6,8,0.999895998764183,0.999481072355194,1.00031109742648
19.8,8,0.999946158000766,0.999735341978389,1.0001570184783
20,8,1,1,1
20.2,8,1.00005701276591,0.999841178566727,1.00027289355689
20.4,8,1.0001166842193,0.99968175690293,1.00055180075766
20.6,8,1.00017850218283,0.999522984151603,1.00083445012302
20.8,8,1.0002419543687,0.999366139072659,1.00111853720369
21,8,1.00030652836897,0.999212515116336,1.00140173942986
21.2,8,1.00037171164849,0.999063406472168,1.00168173009189
21.4,8,1.00043699154047,0.99892009427208,1.00195619227371
21.6,8,1.00050185524466,0.998783832133952,1.0022228335528
21.8,8,1.0005657898282,0.998655830169206,1.00247940234316
22,8,1.00062828222904,0.998537236436862,1.00272370689898
22.2,8,1.00068881926201,0.998429114591164,1.00295363823203
22.4,8,1.00074688762756,0.998332416114643,1.00316719855087
22.6,8,1.00080197392309,0.998247945016301,1.00336253734237
22.8,8,1.00085356465693,0.998176312156352,1.00353799793396
23,8,1.00090114626493,0.998117875376205,1.00369217835804
23.2,8,1.00094418198002,0.998072401147571,1.00382422586548
23.4,8,1.00098194523627,0.998037209057997,1.00393536993945
23.6,8,1.00101361648225,0.998008497290625,1.00402778443586
23.8,8,1.00103837552789,0.997982483400971,1.00410362501012
24,8,1.00105540223457,0.997955466270546,1.00416496748899
24.2,8,1.0010638765751,0.997923889073343,1.00421374411042
24.4,8,1.00106297870039,0.997884409452157,1.00425167267086
24.6,8,1.00105188901286,0.997833973327317,1.00428018215761
24.8,8,1.0010297882465,0.997769886587394,1.00430034061673
25,8,1.00099585755369,0.997689877482018,1.00431279243655
25.2,8,1.00094927859863,0.997592142378471,1.00431771238531
25.4,8,1.00088923365747,0.997475368938898,1.00431478234608
25.6,8,1.00081490572514,0.997338733543346,1.00430319392392
25.8,8,1.0007254786287,0.997181873260806,1.00428167662322
26,8,1.00062013714745,0.997004835932986,1.00424854803039
26.2,8,1.00049806713952,0.99680801416424,1.00420178020858
26.4,8,1.0003584556751,0.996592069788384,1.00413907573353
26.6,8,1.00020049117622,0.996357854776915,1.00405794740599
26.8,8,1.00002336356294,0.996106332981327,1.00395579724769
27,8,0.999826264406186,0.995838505095779,1.00382999239448
27.2,8,0.999608387086856,0.995555337226324,1.00367793749995
27.4,8,0.999368926961457,0.995257691712157,1.00349714500367
27.6,8,0.99910708153402,0.994946257430528,1.00328530603185
27.8,8,0.998822050634356,0.994621475673293,1.00304036584177
28,8,0.998513036602551,0.994283456705658,1.00276060869873
28.2,8,0.998179626825345,0.993932080042408,1.00244532540561
28.4,8,0.997824073698837,0.99356814652566,1.0020982310419
28.6,8,0.997449760404171,0.993192756536499,1.0017250105607
28.8,8,0.997060070438418,0.992806872748126,1.00133148888351
29,8,0.996658382868454,0.99241143366779,1.000923506565
29.2,8,0.99624807186826,0.992007462970215,1.00050680841604
29.4,8,0.995832506370551,0.991596173876804,1.00008693747487
29.6,8,0.995415049832449,0.991179066636595,0.999669136269421
29.8,8,0.994999060114878,0.990758014539696,0.999258259938936
30,8,0.994587889475393,0.990335332358787,0.998858707317875
30.2,8,0.99418488467407,0.989913821046417,0.998474376152838
30.4,8,0.993793387192171,0.989496784025632,0.998108647113405
30.6,8,0.993416733563247,0.989088013179018,0.997764398490243
30.8,8,0.993058255816417,0.988691745939247,0.997444050175921
31,8,0.992721282031553,0.988312597807752,0.997149632600423
31.2,8,0.992409137006196,0.987955476420895,0.996882874500915
31.4,8,0.992125143034041,0.987625483587267,0.996645303101215
31.6,8,0.991872620794927,0.987327810631469,0.996438351365164
31.8,8,0.991654890356335,0.987067630312897,0.996263469055212
32,8,0.991475272286478,0.986849986058839,0.996122236857319
32.2,8,0.991337088879193,0.98667967669914,0.996016485385799
32.4,8,0.991243665490924,0.986561132607976,0.995948423164081
32.6,8,0.991198331990221,0.986498277336751,0.995920779499566
32.8,8,0.991204424320319,0.986494367681478,0.995936969312127
33,8,0.991265286175482,0.98655180512418,0.996001286980441
33.2,8,0.991383447840303,0.986670922937193,0.996118480643916
33.4,8,0.991556552830167,0.98684517917,0.996290419422594
33.6,8,0.991780447813067,0.987065644277004,0.996517772011775
33.8,8,0.992050981104034,0.98732363646574,0.99680096045551
34,8,0.99236400344245,0.987611068645335,0.997139812010325
34.2,8,0.992715366119709,0.987920754304419,0.997533247314005
34.4,8,0.993100919281575,0.98824664213516,0.997979040684687
34.6,8,0.993516510404881,0.988583946969387,0.998473684984546
34.8,8,0.993957982948421,0.988929158636951,0.99901237943939
35,8,0.994421175178064,0.989279932184953,0.999589136978112
35.2,8,0.994901919166226,0.989634883609194,1.00019698694405
35.4,8,0.995396039966019,0.989993326961866,1.00082823731821
35.6,8,0.995899354960471,0.99035498861105,1.00147476068322
35.8,8,0.996407673387287,0.990719725161312,1.00212827742317
36,8,0.996916796039729,0.991087258343239,1.00278062285604
36.2,8,0.997422515144201,0.991456927697416,1.00342399747718
36.4,8,0.997920614415156,0.991827452601239,1.00405120876917
36.6,8,0.998406869287976,0.992196689625483,1.0046559185938
36.8,8,0.998877047330407,0.99256136894722,1.00523291244127
37,8,0.999326908833145,0.992916794334761,1.00577840602152
37.2,8,0.999752207580077,0.993256495775946,1.00629040012511
37.4,8,1.00014869179861,0.993571834337081,1.00676908416377
37.6,8,1.0005121052904,0.99385157903944,1.00721726859871
37.8,8,1.00083818874276,0.994081509547587,1.00764079245549
38,8,1.00112268122069,0.994244146944327,1.00804880364121
38.2,8,1.00136210916246,0.994319389720112,1.00845471186933
38.4,8,1.00155701763321,0.994288513042748,1.00887865686043
38.6,8,1.00170923536915,0.99413526236611,1.00934091185502
38.8,8,1.00182059838664,0.993846910289981,1.00985825981884
39,8,1.0018929486805,0.993415487946422,1.01044275310296
39.2,8,1.00192813348707,0.992838145207009,1.01110134569173
39.4,8,1.0019280045804,0.99211665263606,1.01183638405343
39.6,8,1.00189441760174,0.991256356028133,1.01264664576136
39.8,8,1.00182923142272,0.990264980757088,1.0135285286628
40,8,1.00173430754238,0.989151579790487,1.01447709674584
0,9,1.01277489373044,0.994078307124446,1.03182312501897
0.2,9,1.01235710305927,0.995125705866412,1.0298868756709
0.4,9,1.01195096600303,0.996133257310578,1.02801984581786
0.6,9,1.01155756003258,0.997095630052481,1.02622924664229
0.8,9,1.01117796137517,0.998006871495117,1.02452287531755
1,9,1.01081324515654,0.99886028573094,1.02290924084163
1.2,9,1.01046448555458,0.999648325908203,1.02139767566703
1.4,9,1.01013275596446,1.00036255256211,1.01999838164573
1.6,9,1.00981912917516,1.00099375815607,1.0187223100437
1.8,9,1.00952467755751,1.00153242639232,1.01758070706578
2,9,1.00925047326373,1.00196975452811,1.01658409665546
2.2,9,1.00899758843836,1.00229943055778,1.01574050870992
2.4,9,1.00876709544082,1.00252008093215,1.01505303704035
2.6,9,1.00856006707942,1.00263773574358,1.01451738015115
2.8,9,1.00837757685695,1.0026671263885,1.01412054982833
3,9,1.00822069922788,1.00263081724521,1.01384174600227
3.2,9,1.00809041457285,1.00255611043381,1.01365526914392
3.4,9,1.00798607131034,1.00246800498225,1.01353451173102
3.6,9,1.0079056472719,1.00238522743196,1.01345646963013
3.8,9,1.0078470800499,1.00232140012803,1.0134032223949
4,9,1.00780830923011,1.00228550770084,1.01336154254404
4.2,9,1.00778727596635,1.00228264305455,1.01332214085284
4.4,9,1.00778192259726,1.00231479630778,1.01327886932835
4.6,9,1.00779019230525,1.00238154724611,1.01322802130284
4.8,9,1.00781002881752,1.00248062233296,1.01316776759384
5,9,1.007839376149,1.00260832500497,1.01309772000084
5.2,9,1.00787617838734,1.00275986545002,1.01301859593751
5.4,9,1.00791837951986,1.00292961974993,1.01293195431524
5.6,9,1.00796392330238,1.00311134699924,1.01283997406511
5.8,9,1.00801075317005,1.00329839050146,1.0127452491961
6,9,1.00805681219015,1.00348388612645,1.01265057730574
6.2,9,1.0081000430568,1.00366099635333,1.01255872301862
6.4,9,1.00813838812771,1.0038231804412,1.01247214591123
6.6,9,1.00816978950288,1.00396449772139,1.01239269593012
6.8,9,1.00819218914534,1.00407992227862,1.0123212980367
7,9,1.00820352904386,1.00416562730733,1.01225766779347
7.2,9,1.00820175141767,1.00421918452051,1.01220011251527
7.4,9,1.00818479896319,1.00423962731735,1.01214546927975
7.6,9,1.00815061514268,1.00422734918777,1.01208920831981
7.8,9,1.00809714451481,1.00418384332052,1.01202569583123
8,9,1.00802233310713,1.00411131978025,1.01194857982988
8.2,9,1.00792426899408,1.00401234859101,1.01185143136232
8.4,9,1.00780300525198,1.00389053570412,1.01173072289456
8.6,9,1.0076600413875,1.00374942968536,1.01158588884812
8.8,9,1.00749691107787,1.00359152039848,1.0114174992515
9,9,1.00731514828713,1.00341844687594,1.01122698225039
9.2,9,1.00711628697172,1.00323120568624,1.01101641349952
9.4,9,1.00690186080925,1.00303033505523,1.01078832999135
9.6,9,1.00667340295064,1.00281607942687,1.01054556363655
9.8,9,1.00643244579549,1.00258853917766,1.01029108988288
10,9,1.00618052079078,1.00234780852523,1.01002788833186
10.2,9,1.00591915825284,1.00209410220589,1.00975881477866
10.4,9,1.00564988721256,1.0018278689392,1.00948648665713
10.6,9,1.00537423528386,1.00154988769118,1.00921318587804
10.8,9,1.00509372855541,1.00126134184946,1.008940783947
11,9,1.00480989150547,1.00096386697125,1.0086706937007
11.2,9,1.00452424693985,1.00065956971089,1.00840385005423
11.4,9,1.0042383159531,1.00035101839207,1.00814071929406
11.6,9,1.00395361791257,1.00004120867307,1.00788133346738
11.8,9,1.00367167046562,0.999733510054713,1.00762534411807
12,9,1.0033939895697,0.999431600061915,1.00737208853736
12.2,9,1.00312208954543,0.999139392673356,1.00712066195449
12.4,9,1.00285748315246,0.998860966228511,1.0068699904375
12.6,9,1.00260168168824,0.998600494040074,1.00661890127581
12.8,9,1.00235619510956,0.998362178687463,1.00636618986849
13,9,1.00212253217682,0.998150188690596,1.00611068441903
13.2,9,1.00190210673833,0.997968345197054,1.00585137426227
13.4,9,1.0016952432763,0.997817389556209,1.00558816763921
13.6,9,1.00150156556355,0.99769590357221,1.00532174406553
13.8,9,1.00132068656154,0.997602167391071,1.00505306635228
14,9,1.00115222000639,0.997534246554717,1.0047833155458
14.2,9,1.00099578036072,0.997490034580452,1.00451384732021
14.4,9,1.00085098276695,0.997467286115577,1.00424615789305
14.6,9,1.00071744300213,0.997463644375771,1.00398185575519
14.8,9,1.00059477743429,0.997476666176081,1.00372263590578
15,9,1.00048260298023,0.997503847817508,1.00347025332902
15.2,9,1.0003805370649,0.997542655321934,1.00322649221981
15.4,9,1.0002881975821,0.997590562892033,1.00299312708148
15.6,9,1.00020520285684,0.997645103790209,1.00277187150137
15.8,9,1.00013117160902,0.997703937698065,1.00256431054273
16,9,1.00006572291868,0.997764937458189,1.00237181385096
16.2,9,1.00000847619264,0.997826295230912,1.00219542944166
16.4,9,0.999959051132666,0.997886643056044,1.00203576318035
16.6,9,0.999917067705034,0.997945175950896,1.0018928558226
16.8,9,0.999882146111573,0.998001758817305,1.00176607634186
17,9,0.999853906762157,0.998056994854188,1.0016540538485
17.2,9,0.999831970248644,0.998112236272153,1.00155466730368
17.4,9,0.999815957320253,0.998169528885098,1.00146510145301
17.6,9,0.999805488860389,0.998231497401044,1.00138196215799
17.8,9,0.999800185864911,0.99830119156817,1.00130143096924
18,9,0.999799669421835,0.998381918944848,1.00121943317288
18.2,9,0.999803570989051,0.998476940628139,1.00113196398267
18.4,9,0.999811622048051,0.998587935260757,1.00103680836213
18.6,9,0.999823610341399,0.998715214322878,1.0009332364821
18.8,9,0.999839324276192,0.998858534544789,1.00082107705538
19,9,0.99985855228949,0.999017236298868,1.00070057678901
19.2,9,0.999881082840649,0.999190343512281,1.00057229967645
19.4,9,0.99990670440411,0.999376639536783,1.00043705041546
19.6,9,0.999935205462631,0.999574724639889,1.00029581628708
19.8,9,0.999966374500966,0.999783059742371,1.00014972287115
20,9,1,1,1
20.2,9,1.00003587043132,0.999847955215346,1.0002238209648
20.4,9,1.00007377425225,0.999694952663406,1.00045273939068
20.6,9,1.00011349990131,0.999542395860373,1.00068493025139
20.8,9,1.00015483579414,0.99939171311516,1.00091854118379
21,9,1.00019757031987,0.999244344637804,1.00115170532827
21.2,9,1.00024149183794,0.999101730512795,1.00138255338692
21.4,9,1.00028638867537,0.998965298791689,1.00160922564524
21.6,9,1.00033204912443,0.998836452966018,1.00182988469638
21.8,9,1.00037826144086,0.998716558019532,1.00204272966892
22,9,1.00042481384243,0.998606924120241,1.00224601289781
22.2,9,1.00047149450801,0.998508786780395,1.00243806021031
22.4,9,1.00051809157708,0.998423281958582,1.00261729635284
22.6,9,1.0005643931497,0.998351414060745,1.00278227760201
22.8,9,1.00061018728685,0.998294014058787,1.002931734341
23,9,1.00065526201135,0.998251683913487,1.00306462741493
23.2,9,1.0006993125017,0.998224411402841,1.00318034963108
23.4,9,1.00074127311513,0.998209337726929,1.00327963070013
23.6,9,1.00077970538957,0.99820226973992,1.00336379617789
23.8,9,1.00081316811762,0.998199013351225,1.00343416901896
24,9,1.00084021996101,0.998195431381395,1.00349201609286
24.2,9,1.00085941953247,0.998187502644438,1.00353848852352
24.4,9,1.00086932549848,0.998171390368705,1.00357455281679
24.6,9,1.00086849670269,0.998143516726255,1.00360091600598
24.8,9,1.00085549231006,0.998100637652404,1.00361795063402
25,9,1.00082887197184,0.998039910160625,1.00362562736716
25.2,9,1.00078719601111,0.997958943725233,1.00362346366781
25.4,9,1.00072902562914,0.997855828521187,1.00361049573744
25.6,9,1.00065292313228,0.997729136315455,1.00358527793519
25.8,9,1.00055745217954,0.997577893861695,1.00354590982026
26,9,1.00044117805065,0.997401532599336,1.00349008701738
26.2,9,1.00030266793466,0.997199821207599,1.0034151693544
26.4,9,1.0001404912389,0.996972788533443,1.0033182587531
26.6,9,0.9999532199183,0.996720643673574,1.00319628009275
26.8,9,0.99973942882491,0.996443698092109,1.00304606016462
27,9,0.999497696077545,0.996142292286803,1.00286440220399
27.2,9,0.999226603451395,0.995816727229069,1.00264815577389
27.4,9,0.99892473678749,0.995467198886011,1.00239428369173
27.6,9,0.998590686421829,0.99509373263261,1.00209992918987
27.8,9,0.998223047634026,0.994696113171397,1.00176248769162
28,9,0.997820421115261,0.994273804536848,1.00137968862453
28.2,9,0.997381988915254,0.993826252112154,1.00095044752379
28.4,9,0.996910945434097,0.993355222700311,1.00047939590502
28.6,9,0.99641218645129,0.992863373144868,0.99997368435886
28.8,9,0.995890606905015,0.992353215346253,0.99944060802542
29,9,0.995351093380749,0.991827222624179,0.998887484125505
29.2,9,0.994798523114869,0.991287937239018,0.998321541516859
29.4,9,0.994237763237471,0.990738076380319,0.997749812401462
29.6,9,0.993673670253631,0.990180634331077,0.997179028473283
29.8,9,0.993111089762265,0.989618975188668,0.996615527123218
30,9,0.99255485641167,0.989056908378609,0.996065175462352
30.2,9,0.992009794090834,0.988498738891904,0.995533320229913
30.4,9,0.991480716355579,0.987949286016714,0.995024769812265
30.6,9,0.990972427088679,0.987413867970236,0.994543810964207
30.8,9,0.990489721393132,0.986898254252176,0.994094258408484
31,9,0.990037386717909,0.986408591414882,0.99367953161609
31.2,9,0.9896202042156,0.985951310187484,0.993302750828028
31.4,9,0.989242950331587,0.985533022051183,0.992966844219979
31.6,9,0.988910398624537,0.985160411684261,0.992674659790497
31.8,9,0.988627321818269,0.9848401288588,0.992429078390746
32,9,0.98839849408529,0.984578680126728,0.992233127559013
32.2,9,0.988228693562608,0.984382317538349,0.99209009891872
32.4,9,0.988122705100739,0.984256918984153,0.992003674552093
32.6,9,0.988085323247203,0.984207852666278,0.99197806984738
32.8,9,0.988121355466173,0.984239816860256,0.9920182016645
33,9,0.98823562559639,0.984356646035316,0.992129890757959
33.2,9,0.988431762446745,0.984559691168563,0.99231906178689
33.4,9,0.988706185266919,0.98484104568548,0.99258649410237
33.6,9,0.989052663346781,0.985189520016472,0.992930954906022
33.8,9,0.989464969688952,0.985594155627886,0.99335098595207
34,9,0.989936880812868,0.986044602616668,0.99384452325275
34.2,9,0.990462172784373,0.986531463466949,0.994408543513834
34.4,9,0.991034617640006,0.987046560636864,0.995038787964744
34.6,9,0.991647980205163,0.98758308182835,0.995729609730088
34.8,9,0.992296015305895,0.988135577502923,0.99647397018153
35,9,0.992972465374659,0.988699817550334,0.997263577366881
35.2,9,0.993671058450777,0.989272543206266,0.998089130425625
35.4,9,0.994385506576751,0.989851164188715,0.998940620027787
35.6,9,0.995109504591913,0.990433446992202,0.999807638904343
35.8,9,0.995836729325129,0.991017224507643,1.00067967230909
36,9,0.996560839188454,0.991600138500349,1.00154635688733
36.2,9,0.997275474173762,0.992179411279247,1.00239771162575
36.4,9,0.997974256254368,0.992751633321574,1.00322435412589
36.6,9,0.998650790193684,0.99331254905641,1.00401772000349
36.8,9,0.999298664762785,0.993856821990184,1.00477030423457
37,9,0.999911454368622,0.994377762003737,1.00547594162088
37.2,9,1.00048272109434,0.994867002468852,1.00613013872643
37.4,9,1.00100601715283,0.995314125113563,1.00673045935307
37.6,9,1.00147488775429,0.995706250428045,1.00727694575715
37.8,9,1.00188287438795,0.996027645721058,1.00777252348775
38,9,1.00222351851786,0.996259453357184,1.00822328730284
38.2,9,1.00249157887767,0.996380728033507,1.00863990786345
38.4,9,1.00268801217085,0.996374065932329,1.0090419694037
38.6,9,1.00281575943632,0.996225199305284,1.00944991963174
38.8,9,1.00287777858577,0.995923365186809,1.00988075381932
39,9,1.0028770415929,0.995462498583682,1.01034681063837
39.2,9,1.00281653258579,0.994841524842194,1.01085547086195
39.4,9,1.00269924602407,0.994063788322173,1.01140972016917
39.6,9,1.00252818496197,0.993135963227507,1.01200923021343
39.8,9,1.00230635939829,0.992066860459485,1.01265154409549
40,9,1.00203678471421,0.990866415684936,1.01333308105545
0,10,1.00735413001804,0.989198298186224,1.02584319557064
0.2,10,1.0072079341727,0.990500218845998,1.02419747452693
0.4,10,1.00706632989076,0.991759820931935,1.02260907469173
0.6,10,1.00692974978768,0.99297164447555,1.02108406282135
0.8,10,1.00679862631424,0.994129666749844,1.01962903618217
1,10,1.00667339177903,0.995227159631806,1.01825126847505
1.2,10,1.00655447837291,0.996256528890374,1.01695887409742
1.4,10,1.00644231819525,0.997209162478464,1.01576096366454
1.6,10,1.00633734328212,0.998075356584743,1.01466772203401
1.8,10,1.00623998563625,0.998844464506287,1.01369026377266
2,10,1.00615067725887,0.999505525298464,1.01284000910969
2.2,10,1.00606985018347,1.0000487225523,1.0121272300263
2.4,10,1.00599793651136,1.00046792188937,1.01155851789222
2.6,10,1.0059353684491,1.00076397196298,1.01113348786128
2.8,10,1.00588257834783,1.00094746429356,1.01084202469886
3,10,1.00583999874445,1.0010391220472,1.0106638999335
3.2,10,1.00580801692679,1.00106691377583,1.01057157418025
3.4,10,1.00578624083174,1.00105877536794,1.01053603158777
3.6,10,1.00577362346029,1.00103717438864,1.01053248323793
3.8,10,1.00576909776162,1.00101896912493,1.01054176715204
4,10,1.00577159691771,1.00101572987338,1.01055005928263
4.2,10,1.00578005426314,1.00103458157603,1.01054802318708
4.4,10,1.0057934032163,1.00107914602566,1.01052986067048
4.6,10,1.00581057722181,1.00115036837571,1.01049247865994
4.8,10,1.00583050970433,1.00124716797552,1.01043483228789
5,10,1.00585213403361,1.00136692417013,1.01035743354358
5.2,10,1.00587438350095,1.0015058312236,1.01026199133285
5.4,10,1.00589619130686,1.00165916002553,1.01015114528564
5.6,10,1.00591649056013,1.00182146177716,1.0100282581148
5.8,10,1.00593421428814,1.00198674631099,1.00989723387162
6,10,1.00594829545853,1.0021486665675,1.0097623305751
6.2,10,1.00595766701219,1.00230073977566,1.00962793666811
6.4,10,1.00596126190754,1.00243663144231,1.00949828519593
6.6,10,1.00595801317612,1.00255051488674,1.00937709297128
6.8,10,1.00594685398957,1.00263749197339,1.00926713907319
7,10,1.00592671773782,1.00269402145986,1.00916983626324
7.2,10,1.00589653811865,1.00271826403128,1.0090848862483
7.4,10,1.00585524923854,1.00271024227426,1.00901012053689
7.6,10,1.00580178572474,1.00267174801986,1.00894159445993
7.8,10,1.00573508284871,1.00260599940584,1.00887393200533
8,10,1.00565407666074,1.00251711784019,1.00880085128439
8.2,10,1.00555778884347,1.00240955627176,1.00871590895892
8.4,10,1.00544642830699,1.00228777277776,1.00861503816772
8.6,10,1.00532107776883,1.00215525757557,1.00849689882514
8.8,10,1.00518284030021,1.00201421928594,1.00836148129118
9,10,1.00503281889339,1.00186586568788,1.00820978301248
9.2,10,1.0048721163266,1.00171065476387,1.00804355566002
9.4,10,1.0047018350411,1.00154850958179,1.00786508858812
9.6,10,1.00452307703028,1.00137900623218,1.00767701939661
9.8,10,1.0043369437409,1.0012015437244,1.00748216269278
10,10,1.00414453598629,1.00101550183195,1.00728335106282
10.2,10,1.00394695387171,1.00082038873013,1.00708328640982
10.4,10,1.00374529673178,1.00061597588815,1.00688440419602
10.6,10,1.00354066307981,1.00040241408278,1.00668875672198
10.8,10,1.00333415056934,1.0001803226254,1.0064979233507
11,10,1.00312685596756,0.999950844651897,1.00631295482696
11.2,10,1.00291987514079,0.999715664591431,1.00613435557548
11.4,10,1.0027143030519,0.999476988768466,1.00596210302323
11.6,10,1.00251123376974,0.999237494958174,1.00579569812539
11.8,10,1.00231176049047,0.999000260113557,1.00563423787628
12,10,1.00211697557084,0.998768676592819,1.00547649947642
12.2,10,1.00192797057337,0.998546366110271,1.00532102693208
12.4,10,1.00174583632347,0.998337098038571,1.00516621345933
12.6,10,1.00157166297836,0.99814471551457,1.00501037623997
12.8,10,1.00140654010794,0.997973069740939,1.00485182313715
13,10,1.00125155678752,0.997825960225249,1.00468891362891
13.2,10,1.00110772482798,0.997706843043855,1.00452019919262
13.4,10,1.00097516435602,0.997616269566388,1.00434536827779
13.6,10,1.00085342174387,0.997552748894145,1.00416501576169
13.8,10,1.00074203442074,0.997514494861731,1.00398001694741
14,10,1.0006405403512,0.997499511130375,1.00379146036842
14.2,10,1.00054847798854,0.997505632059791,1.00360060598152
14.4,10,1.00046538623038,0.997530553050151,1.00340885397902
14.6,10,1.00039080437638,0.997571854365355,1.00321772020875
14.8,10,1.00032427208808,0.997627021949629,1.0030288146897
15,10,1.0002653293509,0.997693468737224,1.00284381972333
15.2,10,1.00021351643819,0.99776856035449,1.0026644637011
15.4,10,1.00016837387754,0.997849649811862,1.00249248601075
15.6,10,1.00012944241904,0.99793412653796,1.00232958768884
15.8,10,1.00009626300577,0.998019485425204,1.00217736215037
16,10,1.00006837674635,0.998103420587147,1.00203720129498
16.2,10,1.00004532488966,0.998183945131086,1.00191017568644
16.4,10,1.00002664880156,0.998259531469237,1.00179689428199
16.6,10,1.0000118899438,0.998329256819023,1.00169735906103
16.8,10,1.00000058985505,0.998392928386211,1.00161084005958
17,10,0.999992290133943,0.998451157749746,1.00153580129151
17.2,10,0.999986532424291,0.998505359727851,1.00146990227725
17.4,10,0.999982858402395,0.998557668401694,1.00141008250348
17.6,10,0.999980809766435,0.998610785421072,1.00135271368964
17.8,10,0.99997992822797,0.998667792374442,1.00129378807872
18,10,0.999979755505542,0.998731962285195,1.00122910769064
18.2,10,0.999979867083987,0.998806473751382,1.00115463891378
18.4,10,0.999980166250214,0.998893098888227,1.00106841663714
18.6,10,0.999980740625311,0.998992361422093,1.00097009770733
18.8,10,0.999981679885017,0.999104242414363,1.00085988794244
19,10,0.99998307370575,0.999228323785905,1.00073839371296
19.2,10,0.999985011764973,0.999363890130531,1.00060651943706
19.4,10,0.999987583741645,0.999510003994388,1.00046539168313
19.6,10,0.999990879316745,0.999665561590468,1.00031630291005
19.8,10,0.999994988173886,0.999829334308389,1.00016066948527
20,10,1,1,1
20.2,10,1.00000600448611,0.99983587096878,1.0001761669536
20.4,10,1.00001309132817,0.999669907784627,1.00035639268555
20.6,10,1.00002135022803,0.999503769358158,1.00053919912086
20.8,10,1.00003087089438,0.999339135253865,1.00072308534953
21,10,1.00004174304393,0.999177694392133,1.00090653889022
21.2,10,1.0000540564025,0.999021134541998,1.00108804623598
21.4,10,1.00006790070632,0.998871131906215,1.00126610338064
21.6,10,1.00008336570335,0.99872934010609,1.0014392270185
21.8,10,1.0001005411547,0.998597377809032,1.00160596717408
22,10,1.0001195168361,0.99847681409783,1.0017649221632
22.2,10,1.00014038253952,0.998369150437245,1.00191475702971
22.4,10,1.00016322807477,0.9982757977171,1.00205422697869
22.6,10,1.00018814327129,0.998198046289774,1.0021822078883
22.8,10,1.00021521797994,0.99813702609824,1.00229773680411
23,10,1.00024454207488,0.998093652804456,1.00240006650618
23.2,10,1.00027607877551,0.998068213617533,1.00248882803709
23.4,10,1.00030875288659,0.998057912485283,1.00256466942871
23.6,10,1.0003409804282,0.998058485015878,1.00262869576039
23.8,10,1.00037117373242,0.998065639948928,1.00268203330394
24,10,1.00039774494811,0.998075112621994,1.00272578229921
24.2,10,1.00041910608581,0.998082721625347,1.00276095972456
24.4,10,1.00043366908786,0.998084438676395,1.00278842897491
24.6,10,1.00043984592369,0.998076469262954,1.00280881889834
24.8,10,1.00043604871027,0.99805533816854,1.00282243807808
25,10,1.0004206898579,0.99801797079874,1.00282919344103
25.2,10,1.000392182241,0.997961759415457,1.00282852408605
25.4,10,1.00034893939423,0.997884604010919,1.00281936060034
25.6,10,1.00028937573358,0.997784920948447,1.00280011673696
25.8,10,1.00021190680274,0.997661617877372,1.00276871494613
26,10,1.00011494954433,0.997514039109653,1.00272264157287
26.2,10,0.999996922596272,0.997341889822815,1.00265902335624
26.4,10,0.999856246612992,0.997145149054985,1.00257471526434
26.6,10,0.999691344611467,0.996923980502167,1.00246639065466
26.8,10,0.999500642342027,0.996678647463823,1.00233062741357
27,10,0.999282568683744,0.996409435004514,1.00216398700666
27.2,10,0.999035556064317,0.996116579351738,1.00196308641934
27.4,10,0.998758040904275,0.995800202129742,1.00172466538722
27.6,10,0.998448464085346,0.995460245237696,1.00144565310727
27.8,10,0.998105271442793,0.995096400790828,1.00112324000989
28,10,0.9977269142815,0.99470802925939,1.00075496145623
28.2,10,0.997312435483237,0.994294458275084,1.00033957314316
28.4,10,0.99686496096183,0.993857328530245,0.999881695155391
28.6,10,0.996389348510322,0.99339914871561,0.999388549012176
28.8,10,0.995890455783175,0.992922250713589,0.998867533895267
29,10,0.99537313266267,0.992428895899099,0.998326104087389
29.2,10,0.994842220246743,0.991921388132583,0.9977716531032
29.4,10,0.994302550072475,0.991402192136546,0.997211393037209
29.6,10,0.993758943574514,0.990874054934388,0.996652231448049
29.8,10,0.993216211777634,0.990340122705215,0.996100653423239
30,10,0.992679155222589,0.98980404122268,0.99556262065386
30.2,10,0.992152564124366,0.989270026522401,0.995043500871968
30.4,10,0.991641218761979,0.988742894680754,0.994548038765172
30.6,10,0.991149890098944,0.988228045397112,0.994080373673657
30.8,10,0.990683340633692,0.987731401693216,0.99364410175345
31,10,0.990246325479228,0.987259314839187,0.993242373494182
31.2,10,0.989843593671511,0.986818447359957,0.99287801373573
31.4,10,0.989479889706167,0.986415646862945,0.992553651441584
31.6,10,0.989159955303354,0.986057820164111,0.992271849751053
31.8,10,0.988888531400817,0.985751812289358,0.992035231733372
32,10,0.988670360375414,0.985504289837855,0.991846602357939
32.2,10,0.988510188493695,0.985321623774167,0.991709071615584
32.4,10,0.988412768592424,0.985209763207017,0.991626187235882
32.6,10,0.988382862990276,0.985174089020939,0.991602088138244
32.8,10,0.98842524663233,0.985219234359129,0.991641691623791
33,10,0.988544710469374,0.985348858555988,0.991750927716179
33.2,10,0.988744854489799,0.985563960768197,0.991936014500825
33.4,10,0.989022095451492,0.985856000725194,0.992198358149388
33.6,10,0.989370209433395,0.986213024367766,0.992537501663797
33.8,10,0.989782975679886,0.986623300556851,0.992952769707348
34,10,0.990254176469978,0.987075803567121,0.993442783697568
34.2,10,0.990777593226451,0.987560674813007,0.994004990554601
34.4,10,0.991347003018666,0.988069583356321,0.994635293858328
34.6,10,0.991956175458331,0.988595901859253,0.995327870750176
34.8,10,0.992598869988048,0.989134658191351,0.996075214372833
35,10,0.993268833563006,0.989682287522351,0.996868377019765
35.2,10,0.993959798726632,0.990236259987715,0.99769733891278
35.4,10,0.994665482081367,0.990794671872613,0.998551414668245
35.6,10,0.995379583156059,0.991355867228599,0.999419630544702
35.8,10,0.996095783671704,0.991918121911151,1.00029104049116
36,10,0.996807747207413,0.992479391506941,1.00115497953467
36.2,10,0.997509119268588,0.993037106154679,1.0020012715104
36.4,10,0.998193527759327,0.993587987763993,1.00282041563619
36.6,10,0.998854583861006,0.994127864300567,1.00360377726873
36.8,10,0.999485883318878,0.994651457981149,1.00434380600149
37,10,1.00008100813834,0.995152127841258,1.00503430064366
37.2,10,1.00063352869223,0.995621552913124,1.00567073484238
37.4,10,1.00113700624022,0.996049353165479,1.00625064619375
37.6,10,1.00158499586093,0.996422666601594,1.00677407044057
37.8,10,1.00197104979682,0.996725738757273,1.0072439645059
38,10,1.00228872121159,0.996939637997532,1.00766650495087
38.2,10,1.00253278562381,0.997043283337365,1.0080525119094
38.4,10,1.00270423811937,0.99701907017252,1.0084218238359
38.6,10,1.00280606498956,0.996852702586743,1.00879498181662
38.8,10,1.00284126950915,0.996533701526731,1.00918876129323
39,10,1.00281286906658,0.996056587641781,1.00961497854901
39.2,10,1.00272389320259,0.995421042984354,1.01008032036867
39.4,10,1.00257738173612,0.994631156078333,1.01058709072823
39.6,10,1.00237638297883,0.993694184623857,1.01113444025443
39.8,10,1.00212395203906,0.992619295164126,1.01171961913589
40,10,1.0018231492163,0.991416556940595,1.01233897626526
0,11,1.00225226307955,0.982494082238878,1.02240778545864
0.2,11,1.00239970251478,0.984210698649673,1.020924853774
0.4,11,1.00254394352748,0.985874773955794,1.01949495539957
0.6,11,1.00268467848067,0.98747959811449,1.01812388466513
0.8,11,1.0028215996002,0.989017861432198,1.0168179967634
1,11,1.00295439898591,0.990481504134532,1.01558436199587
1.2,11,1.00308276862378,0.991861544723615,1.01443094155881
1.4,11,1.00320640039907,0.993147913232648,1.01336675875984
1.6,11,1.00332498611032,0.994329357736918,1.01240199730643
1.8,11,1.00343821748433,0.995393571550095,1.0115478792375
2,11,1.00354578619214,0.996327808877801,1.01081605472634
2.2,11,1.00364738386584,0.997120369280172,1.01021712340299
2.4,11,1.00374270211645,0.997763257729434,1.00975798040986
2.6,11,1.00383143255265,0.998255768659054,1.00943823879356
2.8,11,1.00391326680051,0.998607667118973,1.00924705511798
3,11,1.0039878965241,0.998839935065596,1.00916239026896
3.2,11,1.00405502434196,0.998981950189068,1.00915386080352
3.4,11,1.00411453974239,0.999064533370243,1.00919007255803
3.6,11,1.00416648936488,0.999113652885904,1.00924487964988
3.8,11,1.00421092491256,0.999149254708366,1.00929823743709
4,11,1.00424789826739,0.999185489712849,1.00933595569357
4.2,11,1.00427746148626,0.999231595686877,1.00934880762651
4.4,11,1.0042996667971,0.999292920955616,1.00933149787975
4.6,11,1.00431456659502,0.999371834383497,1.00928174476437
4.8,11,1.00432221343847,0.999468445481817,1.00919955298809
5,11,1.00432266004541,0.999581141763347,1.00908666974382
5.2,11,1.00431595928953,0.999706979264991,1.0089461882373
5.4,11,1.00430216419642,0.999841967303666,1.0087822575898
5.6,11,1.0042813279399,0.999981286540362,1.0085998600415
5.8,11,1.00425350383822,1.00011947745254,1.00840461835641
6,11,1.00421874535037,1.0002506363993,1.00820259624458
6.2,11,1.0041771060724,1.00036865730175,1.00800005377996
6.4,11,1.00412863973378,1.00046755398307,1.00780312276941
6.6,11,1.00407340019369,1.00054188372413,1.00761738151733
6.8,11,1.0040114414375,1.0005872587331,1.00744734228752
7,11,1.00394281757311,1.00060087924533,1.00729591774576
7.2,11,1.00386758282742,1.00058196862756,1.0071639860091
7.4,11,1.00378579154277,1.00053197357098,1.00705019121677
7.6,11,1.00369749817343,1.00045444003177,1.00695106896384
7.8,11,1.00360275728214,1.00035457446013,1.00686148705611
8,11,1.00350162353658,1.0002385927626,1.00677529914062
8.2,11,1.00339417419134,1.00011295092493,1.00668616266793
8.4,11,1.00328080145622,0.999982938599185,1.00658954039824
8.6,11,1.00316212926672,0.999851883544074,1.00648333433936
8.8,11,1.00303878673725,0.999721613364969,1.00636696681284
9,11,1.0029114027452,0.999592809742823,1.00624101329334
9.2,11,1.00278060590362,0.999465302062941,1.00610690686399
9.4,11,1.00264702453788,0.999338314763289,1.00596668912149
9.6,11,1.00251128666632,0.999210681393439,1.00582279454
9.8,11,1.00237401998474,0.999081037377402,1.00567785630068
10,11,1.00223585185489,0.998947999487494,1.00553452557955
10.2,11,1.00209740929688,0.998810334663544,1.00539530165935
10.4,11,1.00195931898549,0.998667115198528,1.00526237584412
10.6,11,1.0018222072504,0.998517852692695,1.00513749677438
10.8,11,1.00168670008037,0.998362600870837,1.0050218670478
11,11,1.00155342313132,0.998202018301191,1.00491608010693
11.2,11,1.00142300173826,0.998037386218124,1.00482010219134
11.4,11,1.00129606093127,0.997870582789831,1.0047332980129
11.6,11,1.0011732254552,0.997704021248276,1.00465449273651
11.8,11,1.0010551197934,0.997540563387949,1.00458205875971
12,11,1.00094236819534,0.99738342106267,1.00451401466151
12.2,11,1.00083559470802,0.997236056675491,1.00444812532537
12.4,11,1.00073542321142,0.997102090286558,1.00438199561123
12.6,11,1.00064247745773,0.996985217046675,1.00431315386883
12.8,11,1.00055738111452,0.996889135051853,1.00423912519689
13,11,1.00048075781181,0.996817480723569,1.00415749734357
13.2,11,1.00041317315945,0.99677353425556,1.00406610191394
13.4,11,1.00035451983032,0.99675766475895,1.00396435435182
13.6,11,1.0003042573295,0.996768177917739,1.00385288114013
13.8,11,1.0002618383009,0.99680305739664,1.00373262073871
14,11,1.00022671567441,0.996860055490925,1.00360474596019
14.2,11,1.0001983426246,0.996936737708397,1.00347061829475
14.4,11,1.00017617253226,0.997030515482518,1.00333175421131
14.6,11,1.00015965894911,0.997138671541588,1.00318979891001
14.8,11,1.00014825556536,0.997258381883106,1.00304650357674
15,11,1.00014141618035,0.997386738305392,1.00290370218754
15.2,11,1.00013859467609,0.997520775946651,1.00276328341271
15.4,11,1.00013924499388,0.997657511150019,1.00262715230188
15.6,11,1.00014282111384,0.997793995932458,1.00249717547234
15.8,11,1.00014877703745,0.997927395796418,1.00237510306168
16,11,1.00015656677307,0.99805509654961,1.00226246177941
16.2,11,1.00016564432444,0.998174841774732,1.00216041741581
16.4,11,1.00017546368215,0.998284894420042,1.00206961333714
16.6,11,1.0001854788181,0.998384204037375,1.00199000344074
16.8,11,1.00019514368295,0.99847254903652,1.00192071020109
17,11,1.00020391220655,0.998550617806203,1.00185994395673
17.2,11,1.00021123830131,0.998620000396209,1.00180501174352
17.4,11,1.00021657586861,0.998683084212972,1.00175242222185
17.6,11,1.00021937880818,0.998742874060161,1.00169806636654
17.8,11,1.00021910103041,0.998802775476563,1.00163743496682
18,11,1.0002151964717,0.99886638230081,1.00156583200698
18.2,11,1.00020717689702,0.998937181375641,1.00147878702306
18.4,11,1.00019511513856,0.999017280244732,1.00137433869209
18.6,11,1.00017939954165,0.99910751205303,1.0012524369994
18.8,11,1.00016042198583,0.999208115593639,1.00111363598421
19,11,1.00013857435553,0.999318894150863,1.00095892689376
19.2,11,1.00011424852805,0.999439328185873,1.00078962464323
19.4,11,1.00008783636313,0.99956865810784,1.00060728428079
19.6,11,1.00005972969394,0.999705945190683,1.00041363939749
19.8,11,1.00003032031975,0.999850116741122,1.00021055637658
20,11,1,1,1
20.2,11,0.999969160449988,0.999784007163017,1.0001543480261
20.4,11,0.999938193338074,0.999564666340699,1.00031185991863
20.6,11,0.999907490284406,0.999344101078407,1.00047119710613
20.8,11,0.99987744286119,0.999124456209117,1.00063099699902
21,11,0.999848442594489,0.998907885784751,1.00078988501853
21.2,11,0.999820880967557,0.998696541882297,1.0009464858411
21.4,11,0.999795149425708,0.998492563530564,1.00109943461244
21.6,11,0.999771639382714,0.998298065010623,1.00124738887815
21.8,11,0.99975074222874,0.998115122712919,1.0013890420478
22,11,0.999732849339804,0.99794575957653,1.00152313936701
22.2,11,0.999718352088778,0.997791925868784,1.00164849763931
22.4,11,0.999707641857918,0.997655474648438,1.00176403035457
22.6,11,0.999701110052925,0.997538129633473,1.00186878050292
22.8,11,0.999699148118538,0.997441442277898,1.00196196426987
23,11,0.99970214755567,0.997366733527472,1.00204303014272
23.2,11,0.999710368000412,0.997314645686774,1.0021118452535
23.4,11,0.999722987659384,0.997282487234837,1.00216946035598
23.6,11,0.999738655012942,0.997265975918097,1.00221746501173
23.8,11,0.99975601486451,0.997260794860137,1.00225747809322
24,11,0.999773711938398,0.997262648634318,1.00229109798897
24.2,11,0.999790390866045,0.997267323341069,1.00231984170429
24.4,11,0.999804696190631,0.997270761965144,1.00234506881069
24.6,11,0.999815272390072,0.99726915280592,1.00236789245097
24.8,11,0.999820763918386,0.997259024899713,1.00238908348097
25,11,0.99981981526544,0.997237340545618,1.00240897763664
25.2,11,0.999811071035071,0.997201572608378,1.00242739805312
25.4,11,0.999793176041579,0.997149754519527,1.0024436052145
25.6,11,0.999764775424585,0.997080494402014,1.00245628290946
25.8,11,0.99972451478224,0.996992950773154,1.00246356273786
26,11,0.999671040322771,0.996886773946356,1.00246308304797
26.2,11,0.999602999034343,0.996762022380049,1.00245207305608
26.4,11,0.999519038873204,0.996619065407157,1.00242745071495
26.6,11,0.999417808970087,0.996458482909719,1.00238592376665
26.8,11,0.999297959854819,0.99628096951915,1.00232408639901
27,11,0.99915814369909,0.996087247121965,1.00223850772579
27.2,11,0.998997014577328,0.995877985870089,1.00212581189098
27.4,11,0.9988132287456,0.995653731037689,1.00198275245498
27.6,11,0.99860544493847,0.995414830951536,1.00180628583513
27.8,11,0.998372324683724,0.99516135957864,1.0015936502161
28,11,0.998112532634851,0.994893025817682,1.00134245788282
28.2,11,0.997825186260867,0.994609303016662,1.00105146746235
28.4,11,0.997512535646393,0.994310827105562,1.00072455377785
28.6,11,0.997178161035424,0.993998594026121,1.0003678987295
28.8,11,0.996825644381682,0.993673391486298,0.999987897241241
29,11,0.996458563735601,0.993335916417509,0.999591027396897
29.2,11,0.996080492658844,0.992986899078249,0.999183724152338
29.4,11,0.995694999767048,0.99262723540092,0.998772245213153
29.6,11,0.99530564840051,0.992258125624625,0.998362531034309
29.8,11,0.994915996422543,0.991881210757811,0.997960067396777
30,11,0.994529596145144,0.991498692900093,0.997569764530479
30.2,11,0.994149994381651,0.991113422910541,0.997195869294816
30.4,11,0.993780732626038,0.990728940986406,0.996841924851267
30.6,11,0.993425347358516,0.99034946249892,0.996510785479892
30.8,11,0.993087370477131,0.989979810895118,0.99620468472934
31,11,0.9927703298551,0.989625308237827,0.99592534632688
31.2,11,0.992477750023639,0.989291639002107,0.995674122229073
31.4,11,0.992213152980153,0.988984702873997,0.995452142066394
31.6,11,0.991980059121677,0.98871046834792,0.995260462184947
31.8,11,0.991781988303587,0.988474832860919,0.995100208547056
32,11,0.99162246102367,0.988283488934235,0.994972714020595
32.2,11,0.991504999731773,0.988141790431832,0.994879655948446
32.4,11,0.991433130265371,0.988054608876493,0.994823204059016
32.6,11,0.991410383411512,0.988026166627782,0.994806191915812
32.8,11,0.991440296595788,0.988059831582166,0.9948323272488
33,11,0.991526415699091,0.98815785766569,0.994906456901032
33.2,11,0.991671408403373,0.98831995377428,0.995034228024226
33.4,11,0.991872665657647,0.988537886738527,0.995218694272492
33.6,11,0.992125637496248,0.988800610220301,0.995461845799262
33.8,11,0.992425774812902,0.989097340284939,0.995765409933522
34,11,0.992768530134213,0.989418121197241,0.996130284365762
34.2,11,0.993149355553108,0.989754367575896,0.996555988786701
34.4,11,0.993563700871861,0.990099279443347,0.997040244535068
34.6,11,0.994007011954397,0.990448028731884,0.997578783694036
34.8,11,0.994474729287814,0.9907976746635,0.998165430220609
35,11,0.994962286753279,0.991146847572656,0.998792413541673
35.2,11,0.995465110606573,0.991495299454316,0.999450816338052
35.4,11,0.995978618668776,0.991843428482822,1.00013104927533
35.6,11,0.996498219727629,0.992191853225889,1.0008232769618
35.8,11,0.997019313150269,0.992541067858046,1.00151776383403
36,11,0.997537288708033,0.992891174246426,1.00220514410173
36.2,11,0.998047526614115,0.993241667447171,1.00287663921785
36.4,11,0.998545397774843,0.993591244795058,1.00352425269506
36.6,11,0.999026264255318,0.993937609491085,1.00414097136636
36.8,11,0.999485479960138,0.994277243046023,1.00472099873345
37,11,0.999918391529827,0.994605125523402,1.00526004145961
37.2,11,1.00032033945351,0.994914389291254,1.00575566329602
37.4,11,1.00068665939821,0.995195904475773,1.00620770824517
37.6,11,1.00101268375505,0.995437818386177,1.00661877068624
37.8,11,1.00129374340236,0.995625113665623,1.00699464769973
38,11,1.00152516968559,0.995739313144421,1.00734464560431
38.2,11,1.00170318040462,0.995759185619991,1.00768265673389
38.4,11,1.00182850675237,0.995665114125581,1.00803005217585
38.6,11,1.00190332221184,0.99544050619202,1.00840809753575
38.8,11,1.00192980938447,0.995073057679746,1.00883380892048
39,11,1.00191015831358,0.994555985684851,1.00931871084233
39.2,11,1.00184656545104,0.993888128110113,1.00986872900331
39.4,11,1.00174123267048,0.99307305935143,1.01048506731976
39.6,11,1.00159636632757,0.992117715106442,1.01116557618665
39.8,11,1.00141417636762,0.991031023568574,1.0119061147238
40,11,1.00119687548094,0.989822830190388,1.01270161982422
0,12,0.997392600871382,0.973654550523582,1.02170939347845
0.2,12,0.997849422349467,0.975949690028173,1.02024057167785
0.4,12,0.998294803651857,0.978173848385575,1.01882964530602
0.6,12,0.998727621033409,0.980317725212813,1.01748324585126
0.8,12,0.999146749275546,0.982371248385973,1.01620871765952
1,12,0.999551061833052,0.984323423732825,1.01501427388846
1.2,12,0.999939430993532,0.986162193350877,1.01390914435503
1.4,12,1.00031072804952,0.987874357258103,1.01290366057101
1.6,12,1.00066382348329,0.989445669496777,1.01200916684739
1.8,12,1.00099758716425,0.990861304722352,1.01123756143593
2,12,1.00131088855914,0.992106980980836,1.01060018200443
2.2,12,1.00160259695477,0.993171025902054,1.0101057482173
2.4,12,1.00187158169342,0.994047404113781,1.00975734361455
2.6,12,1.00211671242089,0.994739046541643,1.00954909612188
2.8,12,1.00233685934713,0.995260025819997,1.00946401296296
3,12,1.00253089351935,0.995635077938911,1.00947446984423
3.2,12,1.00269775928244,0.995896203740071,1.00954576661128
3.4,12,1.00283763993566,0.996076653726421,1.00964451712563
3.6,12,1.00295176133929,0.99620486468694,1.00974435202111
3.8,12,1.00304138431432,0.996302924154765,1.00982541981468
4,12,1.0031077719943,0.996386906684251,1.00987397113021
4.2,12,1.00315218952406,0.996467760318876,1.0098814587086
4.4,12,1.00317590377408,0.996552307160183,1.00984352420067
4.6,12,1.00318018307077,0.996644144222619,1.00975908556697
4.8,12,1.00316629694254,0.996744375312529,1.00962959435399
5,12,1.00313551588192,0.996852176688877,1.00945846009599
5.2,12,1.00308911112357,0.996965227580009,1.0092506107731
5.4,12,1.00302835443836,0.997080044386293,1.00901215050047
5.6,12,1.00295451794353,0.997192257688758,1.00875007533132
5.8,12,1.0028688739289,0.997296869798398,1.00847200944162
6,12,1.00277269469918,0.997388528755988,1.00818592578808
6.2,12,1.00266725243244,0.997461850579456,1.0078998194431
6.4,12,1.00255381905461,0.997511811096641,1.00762131226896
6.6,12,1.00243366613025,0.9975342072865,1.00735718900787
6.8,12,1.00230806476927,0.997526154246493,1.0071128986692
7,12,1.00217828554994,0.997486544685231,1.00689209431366
7.2,12,1.00204559845782,0.997416370893429,1.00669631127999
7.4,12,1.00191127284099,0.997318815573855,1.00652487747186
7.6,12,1.00177657738121,0.997199065323256,1.00637510191036
7.8,12,1.0016427800812,0.99706387049494,1.00624271782184
8,12,1.00151114826802,0.996920931600568,1.00612250010114
8.2,12,1.00138290387381,0.996778095426662,1.00600898512073
8.4,12,1.0012586417535,0.99664102012146,1.00589765767807
8.6,12,1.00113849532236,0.996512615016394,1.00578584928383
8.8,12,1.0010225872716,0.996394214345759,1.00567245955545
9,12,1.00091104028769,0.996285952418443,1.00555759933974
9.2,12,1.00080397705771,0.996187067136589,1.00544228442307
9.4,12,1.00070152027476,0.996096161585431,1.00532817141503
9.6,12,1.00060379264358,0.996011434062801,1.00521732543644
9.8,12,1.00051091688632,0.995930886103815,1.00511201005605
10,12,1.00042301574845,0.995852514709083,1.0050144932672
10.2,12,1.00034021200477,0.99577449050555,1.00492686777476
10.4,12,1.00026262846571,0.995695319004894,1.00485088842746
10.6,12,1.00019038798362,0.995613978493589,1.00478783326089
10.8,12,1.00012361345933,0.995530026360053,1.00473839634566
11,12,1.0000624278488,0.995443666466946,1.00470261983233
11.2,12,1.00000695416998,0.995355773450991,1.00467986931062
11.4,12,0.999957315509729,0.995267874698202,1.00466885173464
11.6,12,0.999913635031021,0.995182095755227,1.00466767015357
11.8,12,0.999876035980182,0.995101078652648,1.00467390577155
12,12,0.999844641694353,0.995027884145324,1.00468471633194
12.2,12,0.999819575609088,0.994965888133338,1.00469694056202
12.4,12,0.999800961266102,0.9949186800836,1.00470720085849
12.6,12,0.999788922321192,0.994889967960066,1.00471199970557
12.8,12,0.999783582552294,0.994883490701746,1.00470780878679
13,12,0.999785065867719,0.994902936021089,1.0046911530181
13.2,12,0.999793458490825,0.994951614040073,1.0046588653514
13.4,12,0.999808408113979,0.995029745430596,1.00461002048017
13.6,12,0.9998292800085,0.995135327272878,1.00454537364464
13.8,12,0.99985543481875,0.995265967172871,1.00446606586614
14,12,0.999886233213062,0.995418987871414,1.00437352667634
14.2,12,0.999921035852,0.995591482575487,1.00426941716381
14.4,12,0.999959203360696,0.995780357239176,1.00415558623596
14.6,12,1.00000009630528,0.99598236495142,1.00403403493932
14.8,12,1.00004307517343,0.996194137010688,1.00390688425784
15,12,1.00008750035893,0.996412215238702,1.00377634183716
15.2,12,1.00013273215041,0.996633090495733,1.00364466267231
15.4,12,1.00017813072416,0.996853253037255,1.0035140981192
15.6,12,1.00022305614095,0.997069260967155,1.0033868269748
15.8,12,1.00026686834707,0.997277832996408,1.0032648624172
16,12,1.00030892717939,0.997475970071964,1.00314993024102
16.2,12,1.00034859237452,0.99766110606155,1.00304331820262
16.4,12,1.00038522358207,0.997831279782519,1.00294570418705
16.6,12,1.00041818038205,0.997985309873313,1.00285698169844
16.8,12,1.00044682230633,0.998122943463535,1.00277611171795
17,12,1.00047050886418,0.998244944851944,1.00270103471989
17.2,12,1.00048859957195,0.998353096824012,1.00262867021476
17.4,12,1.00050045398686,0.998450105625611,1.00255501280227
17.6,12,1.00050543174481,0.998539424572291,1.00247530975517
17.8,12,1.00050289260238,0.998625030060448,1.00238428636735
18,12,1.00049219648286,0.998711189112521,1.00227637993381
18.2,12,1.00047278575228,0.998802123140863,1.00214624282469
18.4,12,1.00044490132419,0.998900573582604,1.0019916166389
18.6,12,1.0004092331922,0.99900783391849,1.00181259833631
18.8,12,1.00036647644684,0.999124477253402,1.001610019554
19,12,1.0003173262209,0.999250539205592,1.00138525212429
19.2,12,1.0002624776427,0.999385650970679,1.00114007361235
19.4,12,1.00020262579406,0.999529139036202,1.00087656635001
19.6,12,1.00013846567318,0.99968009988356,1.00059704162922
19.8,12,1.00007069216224,0.999837456258276,1.00030398247404
20,12,1,1,1
20.2,12,0.999927083759017,0.999687799642218,1.00016642515059
20.4,12,0.999852637827863,0.999370154492754,1.00033535409985
20.6,12,0.999777356398067,0.999049883682097,1.00050535883389
20.8,12,0.999701933455913,0.998729834227531,1.00067497886301
21,12,0.999627062779048,0.998412865099131,1.00084273707856
21.2,12,0.999553437937904,0.998101832457809,1.00100715458381
21.4,12,0.999481752301942,0.997799575121506,1.00116676544276
21.6,12,0.999412699050699,0.997508899326564,1.00132013227965
21.8,12,0.999346971189641,0.997232561771828,1.00146586374144
22,12,0.999285261570836,0.996973249752367,1.00160263501626
22.2,12,0.999228262918415,0.996733556884245,1.0017292129063
22.4,12,0.999176667858851,0.996515952451758,1.00184448742364
22.6,12,0.999131168956031,0.996322741713768,1.00194751257242
22.8,12,0.999092458751136,0.996156013499842,1.00203755998663
23,12,0.999061229807325,0.996017569994199,1.00211419052571
23.2,12,0.999038058987363,0.995908429095966,1.00217752370189
23.4,12,0.999022574324387,0.995825928456918,1.00222948156838
23.6,12,0.99901393924675,0.995765671222452,1.00227280338363
23.8,12,0.999011314179696,0.995723245468597,1.00231024072293
24,12,0.999013859676567,0.995694293982697,1.00234449253881
24.2,12,0.999020736371825,0.995674586950028,1.00237813115039
24.4,12,0.99903110494114,0.995660108902948,1.00241351412543
24.6,12,0.999044126068522,0.995647156576351,1.00245268541123
24.8,12,0.999058960420508,0.9956324406044,1.0024972727793
25,12,0.999074768627404,0.995613180755486,1.00254839188699
25.2,12,0.999090711271576,0.995587182747772,1.00260656891364
25.4,12,0.999105948882793,0.99555288557589,1.00267169284087
25.6,12,0.999119641940626,0.995509371943907,1.00274300478189
25.8,12,0.999130950883897,0.995456340028517,1.00281912613622
26,12,0.999139036127187,0.99539404075277,1.00289812138941
26.2,12,0.999143058084394,0.99532318927856,1.00297758684978
26.4,12,0.99914217719935,0.995244861415637,1.0030547546246
26.6,12,0.999135553983489,0.995160384995935,1.00312660178688
26.8,12,0.999122349060569,0.995071233700446,1.00318995724563
27,12,0.999101723218441,0.994978927398904,1.00324160225944
27.2,12,0.999072837467868,0.994884939660894,1.00327836393454
27.4,12,0.999034853108381,0.994790610215121,1.00329720393064
27.6,12,0.998986931801168,0.994697057869754,1.00329530686135
27.8,12,0.998928235648999,0.99460508759663,1.00327017468617
28,12,0.998857927283154,0.994515083857714,1.00321973501524
28.2,12,0.99877537294951,0.994426847264234,1.00314291428756
28.4,12,0.998681353551341,0.994339340365925,1.00304232714367
28.6,12,0.998577251629349,0.9942510268791,1.0029223008214
28.8,12,0.998464451696087,0.994160151136554,1.00278738808938
29,12,0.998344337893154,0.994064881584777,1.00264221729104
29.2,12,0.998218293880328,0.993963452790653,1.00249134859008
29.4,12,0.99808770274387,0.993854309670349,1.00233912825609
29.6,12,0.997953946923993,0.99373625147592,1.00218954345484
29.8,12,0.99781840816149,0.993608567661751,1.0020460854207
30,12,0.997682467463492,0.993471153686327,1.00191163295549
30.2,12,0.997547505088349,0.993324593365854,1.00178836963667
30.4,12,0.99741490054962,0.99317019646419,1.00167774605012
30.6,12,0.997286032639138,0.99300998558107,1.0015804929848
30.8,12,0.997162279469154,0.99284663359654,1.00149668433099
31,12,0.997045018533521,0.99268335966806,1.00142584168523
31.2,12,0.996935626787924,0.99252379599575,1.00136706844587
31.4,12,0.996835480749132,0.992371838287155,1.0013192004677
31.6,12,0.996745956613268,0.992231490380811,1.00128096281605
31.8,12,0.996668430393094,0.992106709003742,1.00125112664518
32,12,0.996604278074312,0.992001249481362,1.00122866538252
32.2,12,0.99655487579088,0.991918508376307,1.00121291424256
32.4,12,0.996521600019376,0.991861354993796,1.00120374113314
32.6,12,0.996505827792405,0.991831940623706,1.00120174008489
32.8,12,0.996508936931099,0.991831472518622,1.00120846020532
33,12,0.996532306296732,0.99185993972783,1.00122668303913
33.2,12,0.996576991921748,0.991915225101347,1.00126066794299
33.4,12,0.99664212251563,0.991990467444794,1.00131559019012
33.6,12,0.996726117249875,0.992077238670226,1.00139678049629
33.8,12,0.996827394782361,0.992167456501314,1.00150921951477
34,12,0.996944374082913,0.992253933499341,1.00165698664497
34.2,12,0.997075474171297,0.992330878913457,1.00184275458853
34.4,12,0.997219113880343,0.992394276782683,1.002067408442
34.6,12,0.997373711644193,0.992442067843639,1.00232986177248
34.8,12,0.997537685311654,0.992474102426894,1.00262710249432
35,12,0.997709451984665,0.992491887292791,1.00295444559728
35.2,12,0.997887427881889,0.992498193919726,1.00330592521488
35.4,12,0.99807002822744,0.99249661051819,1.00367474376142
35.6,12,0.998255667164775,0.992491105529534,1.00405371038052
35.8,12,0.998442757695767,0.992485640756497,1.00443563056013
36,12,0.998629711645004,0.992483842854135,1.00481363818711
36.2,12,0.998814939649326,0.992488721107742,1.00518148211619
36.4,12,0.99899685117265,0.992502408428616,1.00553379032394
36.6,12,0.999173854546112,0.992525898772418,1.00586633844348
36.8,12,0.99934435703354,0.992558754842791,1.00617634881772
37,12,0.999506764922321,0.992598763603793,1.00646284254717
37.2,12,0.999659483639652,0.992641524635125,1.00672705949716
37.4,12,0.999800917894218,0.992679971053014,1.00697294653962
37.6,12,0.999929471843312,0.992703850207713,1.0072076868158
37.8,12,1.00004354928539,0.992699237799599,1.00744219637369
38,12,1.00014155387806,0.992648225248318,1.00769144834103
38.2,12,1.00022218789464,0.992529054734119,1.00797495084386
38.4,12,1.00028567656751,0.992318294584315,1.00831702912951
38.6,12,1.00033273022462,0.991994797388752,1.00874074520624
38.8,12,1.00036406036399,0.991542190426665,1.00926441953753
39,12,1.00038037933748,0.990950285317015,1.00990021214156
39.2,12,1.00038240024118,0.990215285016285,1.01065390714085
39.4,12,1.00037083681095,0.989338909192894,1.01152577932899
39.6,12,1.00034640332292,0.988326927919219,1.01251205281629
39.8,12,1.0003098144991,0.987187633886843,1.01360642155079
40,12,1.00026178541802,0.985930589728213,1.01480129513323
0,13,0.992700072267905,0.963237992863351,1.02306329358056
0.2,13,0.993475782348413,0.966231292336885,1.02148847583449
0.4,13,0.994231619261224,0.969130465693018,1.01998291017704
0.6,13,0.994965587895076,0.971922735714319,1.01855475205837
0.8,13,0.995675688748898,0.974594327346072,1.01721305916607
1,13,0.996359918385735,0.977130338989376,1.01596792910185
1.2,13,0.997016269926696,0.979514673617333,1.01483057811433
1.4,13,0.997642733584989,0.98173012201633,1.0138132685903
1.6,13,0.998237297240079,0.983758756218254,1.0129289272421
1.8,13,0.998797947051963,0.985582864907764,1.01219022220783
2,13,0.999322668115539,0.98718668965749,1.0116078402111
2.2,13,0.999809445154995,0.988559084462213,1.01118784130636
2.4,13,1.00025626325812,0.989696790388555,1.01092839938816
2.6,13,1.00066110865041,0.990607348010289,1.01081690578683
2.8,13,1.0010219695087,0.99131023595231,1.01082884761746
3,13,1.00133683681425,0.991835278595837,1.01092941781692
3.2,13,1.00160384195005,0.992218696354526,1.0110777592631
3.4,13,1.0018234651478,0.992497752261036,1.01123680434974
3.6,13,1.00199816448702,0.992704619418935,1.01137871426752
3.8,13,1.00213046733612,0.992864435661334,1.01148297541183
4,13,1.00222290801442,0.992995786228339,1.01153577012048
4.2,13,1.00227802674857,0.993111665938574,1.01152899251628
4.4,13,1.00229836869237,0.993220524837882,1.0114591822872
4.6,13,1.00228648301024,0.99332721284283,1.01132656091239
4.8,13,1.0022449220248,0.993433762306328,1.01113423142827
5,13,1.00217624042894,0.993540011345965,1.01088753891216
5.2,13,1.00208299456242,0.993644097876172,1.01059356175669
5.4,13,1.00196774175344,0.993742862944426,1.01026069514588
5.6,13,1.00183303972516,0.993832202853131,1.00989828725974
5.8,13,1.00168144606734,0.993907407338074,1.00951629094184
6,13,1.00151551777316,0.993963516549787,1.00912489808694
6.2,13,1.00133781084128,0.993995721101274,1.00873413248652
6.4,13,1.00115087994299,0.993999814326558,1.008353391987
6.6,13,1.00095727815469,0.993972682484698,1.00799095422451
6.8,13,1.00075955675534,0.993912789186314,1.00765348965582
7,13,1.00056026508906,0.993820583236607,1.00734565268784
7.2,13,1.0003619504927,0.993698747650071,1.00706983314622
7.4,13,1.00016715828825,0.993552222901362,1.00682613501405
7.6,13,0.999978431840105,0.99338797888921,1.00661260795961
7.8,13,0.999798312677007,0.993214561545301,1.00642570571716
8,13,0.999629340678651,0.993041478125045,1.00626090728086
8.2,13,0.999473939120644,0.992878305934011,1.00611338671723
8.4,13,0.999332917045441,0.992731321339843,1.00597841291307
8.6,13,0.99920589606123,0.992603141153644,1.00585257222048
8.8,13,0.999092470988494,0.992494654701616,1.00573414764233
9,13,0.998992237395326,0.992405440062216,1.00562275264589
9.2,13,0.998904791543519,0.99233409366209,1.00551899702075
9.4,13,0.998829730336328,0.992278519595781,1.00542419341109
9.6,13,0.998766651267888,0.992236187229167,1.00534009596092
9.8,13,0.998715152374286,0.992204364949074,1.0052686632085
10,13,0.998674832186282,0.992180334962135,1.00521184032574
10.2,13,0.998645289683664,0.99216159011355,1.00517135973106
10.4,13,0.998626124251239,0.992146009781429,1.00514856301922
10.6,13,0.998616935636452,0.9921320089017,1.00514425015265
10.8,13,0.998617323908626,0.99211865286448,1.00515856317303
11,13,0.998626889419819,0.992105731843824,1.00519091087087
11.2,13,0.998645232767299,0.992093790982435,1.00523993799142
11.4,13,0.998671954757624,0.992084117044055,1.0053035383643
11.6,13,0.99870665637233,0.992078686539857,1.00537890695057
11.8,13,0.99874893873523,0.992080083771089,1.00546262236518
12,13,0.998798403081298,0.992091398918424,1.00555074974476
12.2,13,0.998854650727174,0.992116116041048,1.00563895409802
12.4,13,0.998917283043246,0.992157998943911,1.00572261618072
12.6,13,0.99898590142734,0.992220979924622,1.00579694588438
12.8,13,0.999060107280003,0.99230905299719,1.00585709154178
13,13,0.999139501981376,0.992426169639984,1.00589824710259
13.2,13,0.999223670161439,0.992575860716673,1.00591600352842
13.4,13,0.999312002587651,0.992758205951578,1.00590906479442
13.6,13,0.999403765044832,0.992970768485604,1.00587843800184
13.8,13,0.999498221017731,0.993210629743502,1.00582561634042
14,13,0.999594633738623,0.993474514127388,1.00575245523705
14.2,13,0.999692266170162,0.993758858747506,1.00566110001778
14.4,13,0.999790380993666,0.994059868468293,1.00555392852512
14.6,13,0.99988824060284,0.994373562267519,1.00543350269289
14.8,13,0.999985107102936,0.994695816301255,1.00530252368611
15,13,1.00008024231536,0.995022408995322,1.00516378528542
15.2,13,1.00017290778774,0.995349073807524,1.00502011987205
15.4,13,1.00026236480938,0.995671565810901,1.00487433086352
15.6,13,1.00034787443231,0.995985748564836,1.00472910513347
15.8,13,1.0004286974976,0.996287707255138,1.00458689943511
16,13,1.00050409466732,0.996573891922999,1.00444979700854
16.2,13,1.00057332646181,0.996841289805872,1.00431933534959
16.4,13,1.00063565330255,0.99708761784953,1.00419631408092
16.6,13,1.00069033556034,0.99731151608826,1.00408060222906
16.8,13,1.00073663360911,0.997512712716619,1.00397097408402
17,13,1.00077380788503,0.997692127118203,1.00386500737622
17.2,13,1.00080111895121,0.997851882560067,1.00375907206219
17.4,13,1.00081782756776,0.997995216756516,1.00364842151525
17.6,13,1.00082319476733,0.998126301148325,1.00352737527496
17.8,13,1.00081648193612,0.99824999933432,1.00338956291804
18,13,1.00079695090029,0.998371603360032,1.00322819034559
18.2,13,1.00076397097233,0.998496429175679,1.00303666225741
18.4,13,1.00071795041777,0.998628056747406,1.0028122177441
18.6,13,1.00065988181042,0.998768306895148,1.00255503919385
18.8,13,1.00059076446035,0.998918098128917,1.00226623163468
19,13,1.00051159779112,0.999077665128265,1.00194758851507
19.2,13,1.00042338123446,0.999246720953304,1.00160142708876
19.4,13,1.00032711413509,0.999424580843521,1.001230462462
19.6,13,1.00022379566533,0.999610256492974,1.00083771141477
19.8,13,1.00011442474979,0.999802528111976,1.00042641868632
20,13,1,1,1
20.2,13,0.999881519659043,0.99956199744869,1.00020114400858
20.4,13,0.999759981556087,0.999116043916693,1.00040433421803
20.6,13,0.999636383070934,0.998665834001701,1.00060787536408
20.8,13,0.999511721108502,0.998215099466388,1.00081002698449
21,13,0.999386992083253,0.997767587637033,1.00100902486777
21.2,13,0.999263191913553,0.997327041410957,1.00120310114183
21.4,13,0.999141316025971,0.996897179658607,1.00139050421627
21.6,13,0.999022359369492,0.996481676821261,1.00156951977674
21.8,13,0.998907316439637,0.996084140411834,1.00173849412369
22,13,0.998797181312493,0.995708084911899,1.00189586136187
22.2,13,0.998692947688641,0.995356900197064,1.00204017630818
22.4,13,0.998595608946967,0.995033812072343,1.00217015553604
22.6,13,0.998506158208368,0.994741831695947,1.00228472977779
22.8,13,0.998425588409333,0.994483689526176,1.00238311205031
23,13,0.998354892385416,0.994261747830497,1.00246488746524
23.2,13,0.998294977606461,0.994077437807569,1.00253041102337
23.4,13,0.998246052012099,0.993928061419637,1.00258280155048
23.6,13,0.998207981177443,0.99380900301507,1.00262643089704
23.8,13,0.998180628706739,0.993715658580807,1.00266566086757
24,13,0.99816385856724,0.993643524257603,1.00270475701459
24.2,13,0.998157535074733,0.993588286608441,1.00274779630036
24.4,13,0.998161522879282,0.993545926363107,1.00279856151568
24.6,13,0.998175686951158,0.993512831037698,1.00286042705634
24.8,13,0.998199892566976,0.993485908143611,1.00293624434247
25,13,0.998234005296034,0.993462687853796,1.00302823801271
25.2,13,0.998277890986836,0.993441402958075,1.00313792506107
25.4,13,0.998331415753825,0.993421035419801,1.00326606760432
25.6,13,0.998394445964298,0.993401322833196,1.00341266598024
25.8,13,0.998466848225524,0.993382723675062,1.00357699328332
26,13,0.998548489372042,0.993366345928334,1.00375766676026
26.2,13,0.998639236453159,0.993353847901227,1.0039527472419
26.4,13,0.998738956720637,0.99334732194061,1.00415985591298
26.6,13,0.998847517616555,0.993349171166087,1.00437629829354
26.8,13,0.998964786761378,0.993361986955013,1.00459918770215
27,13,0.999090631942195,0.993388431602344,1.00482556377728
27.2,13,0.999224921101152,0.993431127174082,1.00505250503857
27.4,13,0.999367522324064,0.993492548560766,1.00527723748202
27.6,13,0.999518303829215,0.993574916268052,1.00549724367247
27.8,13,0.999677133956334,0.993680082461007,1.00571037881738
28,13,0.999843881155758,0.993809402006467,1.00591500207814
28.2,13,1.00001829663766,0.993963179668018,1.00611030072975
28.4,13,1.00019931401752,0.994138227532078,1.00629735388467
28.6,13,1.00038551837673,0.994329710132246,1.00647820856602
28.8,13,1.00057549255827,0.994532543404516,1.0066551597005
29,13,1.00076781838199,0.994741572454668,1.00683057192193
29.2,13,1.00096107660122,0.994951738609913,1.00700670996414
29.4,13,1.0011538468794,0.995158243174126,1.00718557274316
29.6,13,1.001344707787,0.995356705221471,1.00736873379472
29.8,13,1.00153223681853,0.995543305886851,1.00755719560905
30,13,1.0017150104297,0.995714908301667,1.00775126871574
30.2,13,1.00189160409494,0.995869141451804,1.00795048724232
30.4,13,1.00206059238501,0.996004438280314,1.00815357062535
30.6,13,1.00222054906498,0.996120022992582,1.00835843651702
30.8,13,1.00237004721247,0.996215848534984,1.00856226391728
31,13,1.00250765935617,0.996292490888636,1.00876159989057
31.2,13,1.00263195763469,0.996351010579241,1.00895249946697
31.4,13,1.00274151397569,0.996392792813345,1.00913068731783
31.6,13,1.00283490029535,0.996419375990314,1.00929173145681
31.8,13,1.00291068871808,0.996432274773257,1.00943122278316
32,13,1.00296745181658,0.996432799438827,1.00954495874682
32.2,13,1.00300376287206,0.99642186873426,1.00962913390635
32.4,13,1.00301819615471,0.996399809519785,1.00968054410037
32.6,13,1.0030093272243,0.996366133414577,1.00969681401279
32.8,13,1.0029757332509,0.996319278882449,1.00967665969341
33,13,1.0029159933556,0.996256307509037,1.00962019727973
33.2,13,1.00282909735081,0.99617268934403,1.00952998335626
33.4,13,1.00271646723323,0.996063166353768,1.00941420948358
33.6,13,1.002580421345,0.995922457387357,1.00928289527803
33.8,13,1.0024232799297,0.995745713929652,1.00914562632604
34,13,1.00224736321621,0.995529089592152,1.00901097474246
34.2,13,1.00205499095831,0.995270243822798,1.00888598964608
34.4,13,1.00184848202774,0.994968716629823,1.00877581793831
34.6,13,1.00163015406096,0.994626117166409,1.00868351253672
34.8,13,1.00140232315948,0.994246098823936,1.00861005541324
35,13,1.00116730364375,0.993834135752979,1.00855458051445
35.2,13,1.00092740786047,0.993397152222467,1.00851474514989
35.4,13,1.00068494604347,0.992943072881218,1.00848718178006
35.6,13,1.00044222622784,0.992480356221113,1.00846796790074
35.8,13,1.00020155421737,0.992017552906361,1.00845307235534
36,13,0.999965233605176,0.99156290591638,1.00843876112423
36.2,13,0.999735565847394,0.991123988606979,1.00842196648369
36.4,13,0.999514850389915,0.990707362994794,1.00840063722755
36.6,13,0.999305384848027,0.990318233508434,1.00837409470736
36.8,13,0.999109465238912,0.989960069653096,1.00834342124504
37,13,0.998929386266958,0.989634173719676,1.00831190478911
37.2,13,0.998767441661823,0.989339177865793,1.00828555549129
37.4,13,0.998625924569241,0.989070472015064,1.0082736927633
37.6,13,0.99850712799458,0.98881959568035,1.0082895697167
37.8,13,0.99841334529917,0.988573678781924,1.00835094992588
38,13,0.998346870749469,0.988315088431515,1.00848047955743
38.2,13,0.998309547530013,0.988020817340955,1.0087054191548
38.4,13,0.99830091280823,0.987661874335553,1.00905455440832
38.6,13,0.998319772302626,0.98721061224628,1.00955394462649
38.8,13,0.998364933674437,0.986644870147263,1.01022421638091
39,13,0.998435206512076,0.985949665164241,1.01107885810454
39.2,13,0.998529402024162,0.985117560545174,1.0121238384533
39.4,13,0.998646332746955,0.984147794900556,1.01335846412145
39.6,13,0.99878481226614,0.983044672011248,1.01477697770595
39.8,13,0.998943654952894,0.981815796709435,1.01637031010815
40,13,0.999121675714191,0.980470564010801,1.01812758029004
0,14,0.988101076249151,0.951937102502544,1.02563891492203
0.2,14,0.989198971941018,0.955693094672713,1.02387953993146
0.4,14,0.990268614408981,0.959330502636664,1.02220447070981
0.6,14,0.991307103834153,0.962832592233556,1.02062371178404
0.8,14,0.992311531411017,0.966181384976393,1.01914836145941
1,14,0.993278980287903,0.96935756401291,1.01779071965712
1.2,14,0.994206526592332,0.972340497058996,1.01656428021718
1.4,14,0.995091240541405,0.975108504008781,1.01548347997313
1.6,14,0.995930187637327,0.977639565882513,1.0145630079445
1.8,14,0.996720429948064,0.979912726108112,1.01381642365388
2,14,0.997459027473042,0.981910398944528,1.01325386975933
2.2,14,0.998143039593665,0.983621553290666,1.01287891075204
2.4,14,0.99876952660835,0.98504521345964,1.01268505612848
2.6,14,0.999335551351617,0.986193098622849,1.01265314631568
2.8,14,0.999838180896695,0.987090045455244,1.01275095679621
3,14,1.00027448834091,0.987771590110285,1.01293564427578
3.2,14,1.00064175748295,0.988279459243523,1.0131586945913
3.4,14,1.00094076008539,0.988656474401321,1.01337768086433
3.6,14,1.00117520694437,0.98893991039197,1.01356188021861
3.8,14,1.0013489163091,0.989159005407729,1.01368904969944
4,14,1.001465720647,0.989335581091392,1.01374458656851
4.2,14,1.00152946438335,0.989485134089257,1.01372040212736
4.4,14,1.00154400178528,0.98961799445612,1.01361373088549
4.6,14,1.00151319499145,0.989740372817734,1.01342605322486
4.8,14,1.00144091218856,0.989855237542644,1.013162190357
5,14,1.00133102593565,0.989963026069854,1.01282956746568
5.2,14,1.00118741163688,0.99006222210465,1.01243761335458
5.4,14,1.00101394616335,0.990149839605155,1.01199725570131
5.6,14,1.00081450662434,0.990221855261484,1.01152047023364
5.8,14,1.00059296928841,0.990273627869836,1.0110198454371
6,14,1.00035320865419,0.990300336331274,1.01050813107063
6.2,14,1.00009909667119,0.990297456610119,1.0099977501571
6.4,14,0.999834502110368,0.990261280075192,1.00950027202354
6.6,14,0.99956329008446,0.990189451042477,1.00902586856746
6.8,14,0.999289321717731,0.990081473742844,1.00858280351829
7,14,0.999016453965036,0.989939116941322,1.00817702645852
7.2,14,0.998748539579847,0.989766639144815,1.00781194865766
7.4,14,0.998489427230985,0.98957077611145,1.00748845899606
7.6,14,0.998242961767784,0.989360472054092,1.00720519857643
7.8,14,0.998012984633427,0.98914638166024,1.00695906689274
8,14,0.997803334426236,0.988940202576232,1.00674589990224
8.2,14,0.997617660446909,0.988753636856137,1.00656114863967
8.4,14,0.997456990087237,0.988593872786797,1.00639956858043
8.6,14,0.997320422646915,0.988463389207656,1.00625681870314
8.8,14,0.997207014905196,0.98836269471026,1.00613047811122
9,14,0.997115825723593,0.988290809316672,1.00601964577196
9.2,14,0.997045915832643,0.988245638821191,1.00592455886205
9.4,14,0.996996347627685,0.988224306507953,1.00584625437458
9.6,14,0.996966184973627,0.988223450370307,1.0057862658576
9.8,14,0.996954493018637,0.988239493240221,1.00574634787283
10,14,0.996960338016728,0.988268890270518,1.00572822372903
10.2,14,0.996982787159191,0.988308354309653,1.00573335594842
10.4,14,0.997020908414841,0.988355055888399,1.00576274274515
10.6,14,0.997073770379066,0.988406791690681,1.00581674664276
10.8,14,0.997140442131628,0.988462114230457,1.00589496250804
11,14,0.997219993103219,0.988520416388636,1.00599613134729
11.2,14,0.997311492950738,0.988581967349716,1.00611810332544
11.4,14,0.997414011441289,0.988647900635622,1.00625784931097
11.6,14,0.997526618344877,0.988720159304752,1.00641151587955
11.8,14,0.997648383335808,0.988801406873119,1.00657451522039
12,14,0.997778375902775,0.988894914344034,1.00674163955992
12.2,14,0.997915665267636,0.98900443364155,1.00690718980889
12.4,14,0.998059320312883,0.989134065957503,1.00706510992435
12.6,14,0.998208409517801,0.989288130550661,1.00720912144921
12.8,14,0.998362000903325,0.989471035902391,1.00733285632629
13,14,0.998519161985596,0.989687151149581,1.00742999006736
13.2,14,0.99867896458703,0.989940364234592,1.00749470406711
13.4,14,0.998840536205921,0.990230624375728,1.00752530997221
13.6,14,0.999003040018315,0.990554981731389,1.00752314850956
13.8,14,0.999165639261203,0.990909897412369,1.00749016362362
14,14,0.99932749662749,0.991291392248629,1.00742874731357
14.2,14,0.999487774268707,0.99169513283748,1.00734164949898
14.4,14,0.999645633804738,0.992116500715878,1.00723190518837
14.6,14,0.999800236340579,0.992550651713323,1.007102771895
14.8,14,0.999950742490137,0.992992571869793,1.00695767091568
15,14,1.00009631240707,0.993437136189333,1.00680012620305
15.2,14,1.00023610582267,0.993879176779063,1.00663369428223
15.4,14,1.00036928209081,0.994313567340759,1.00646187824562
15.6,14,1.00049500023996,0.99473533111471,1.00628801872699
15.8,14,1.00061241903224,0.995139778560831,1.00611515557093
16,14,1.00072069702956,0.99552267840323,1.00594585657214
16.2,14,1.00081899266682,0.995880460232216,1.00578201509151
16.4,14,1.00090646433216,0.99621043821608,1.00562462699735
16.6,14,1.00098227045434,0.996511034514822,1.00547356834012
16.8,14,1.00104556959704,0.996781970666898,1.0053274054901
17,14,1.00109552056037,0.997024390345172,1.00518327434205
17.2,14,1.00113128248933,0.997240882138182,1.00503685993075
17.4,14,1.00115201498928,0.997435387685101,1.00488249112887
17.6,14,1.00115687824852,0.997613004103857,1.00471334148725
17.8,14,1.00114503316777,0.997779711193082,1.00452170573604
18,14,1.00111564149668,0.997942064521159,1.00429931083245
18.2,14,1.00106799781237,0.998106703488345,1.00403807803478
18.4,14,1.0010026776653,0.998278163659121,1.00373462745125
18.6,14,1.000920977067,0.998458818863508,1.00338920685093
18.8,14,1.00082420047432,0.998649924665722,1.00300321014928
19,14,1.00071365256319,0.998851881339342,1.00257889396329
19.2,14,1.00059063804095,0.999064431305197,1.00211917626496
19.4,14,1.00045646147558,0.999286811486888,1.00162748052177
19.6,14,1.00031242714196,0.999517870493202,1.0011076154155
19.8,14,1.00015983888501,0.999756158996931,1.0005636817703
20,14,1,1,1
20.2,14,0.999834213129617,0.999421052870945,1.00024754418857
20.4,14,0.999663780178181,0.998831439572678,1.00049681438508
20.6,14,0.999490002242718,0.998235838000647,1.00074574219254
20.8,14,0.999314179561003,0.997638972819511,1.0009921992616
21,14,0.999137611476526,0.997045587336762,1.00123402514979
21.2,14,0.998961596420354,0.996460417509683,1.00146905344888
21.4,14,0.998787431909882,0.995888166558833,1.00169513770621
21.6,14,0.998616414564442,0.995333478680871,1.00191017864604
21.8,14,0.998449840137754,0.994800910242271,1.00211215430867
22,14,0.998289003567204,0.994294896579432,1.00229915498071
22.2,14,0.998135199039914,0.993819712100479,1.00246942522078
22.4,14,0.997989720075614,0.993379420731689,1.00262141593692
22.6,14,0.997853859626278,0.992977812807159,1.00275385041703
22.8,14,0.997728910192532,0.992618323169487,1.00286580954441
23,14,0.997616163956815,0.992303923416159,1.00295684326396
23.2,14,0.997516865070405,0.992036482661052,1.00302752317211
23.4,14,0.997431865402743,0.991813217265714,1.00308234333024
23.6,14,0.997361824983721,0.991629209967415,1.00312758028532
23.8,14,0.997307402993855,0.991479581672603,1.00316947968655
24,14,0.997269259182523,0.991359600963842,1.00321414584931
24.2,14,0.997248053973681,0.99126479472375,1.0032674280856
24.4,14,0.997244448576002,0.991191072383115,1.00333479378965
24.6,14,0.997259105097476,0.991134858004803,1.00342119406621
24.8,14,0.997292686664472,0.991093220494283,1.00353093160945
25,14,0.997345857545307,0.991063989441338,1.00366754332734
25.2,14,0.997419283278324,0.99104584338711,1.00383371091629
25.4,14,0.997513630804524,0.991038359276409,1.00403121062573
25.6,14,0.997629568604768,0.991042016347471,1.00426090895987
25.8,14,0.99776776684159,0.991058153720615,1.00452280505499
26,14,0.997928897505654,0.991088886913089,1.00481611450475
26.2,14,0.998113634566885,0.991136992916009,1.00513938499795
26.4,14,0.998322654130329,0.99120577541419,1.00549063218822
26.6,14,0.998556634596767,0.991298921144806,1.00586748480034
26.8,14,0.998816256828144,0.991420355892077,1.00626733047711
27,14,0.999102204317853,0.99157410511275,1.00668745737293
27.2,14,0.999415163365932,0.991764160507154,1.00712519018129
27.4,14,0.999755823259227,0.991994350517294,1.00757802261628
27.6,14,1.00012487645658,0.992268209935744,1.00804375116689
27.8,14,1.0005230187791,0.992588841486143,1.00852061726589
28,14,1.00095094960559,0.992958760211906,1.00900746703974
28.2,14,1.00140889673691,0.993378896696182,1.00950380745861
28.4,14,1.00189377796894,0.993843670655123,1.01000909093802
28.6,14,1.00240109718412,0.994344536462461,1.01052293525009
28.8,14,1.00292634562585,0.994872648635466,1.01104523893588
29,14,1.00346500616608,0.99541907873904,1.01157596846088
29.2,14,1.00401255259747,0.995975013075422,1.01211495523428
29.4,14,1.00456444912946,0.996531943358349,1.01266170059126
29.6,14,1.00511615008887,0.997081847543279,1.01321519156995
29.8,14,1.00566309982597,0.997617352975116,1.01377373532596
30,14,1.00620073282658,0.998131870778748,1.01433482326422
30.2,14,1.0067244740312,0.99861968968953,1.0148950366966
30.4,14,1.00722973936176,0.999076019639081,1.01545000371569
30.6,14,1.00771193645675,0.999496979985787,1.01599441240118
30.8,14,1.00816646561539,0.999879533152473,1.0165220796018
31,14,1.00858872095128,1.00022137001726,1.0170260689517
31.2,14,1.00897409175596,1.00052075723954,1.01749884794348
31.4,14,1.00931796407262,1.00077635795992,1.01793247262191
31.6,14,1.00961572247986,1.00098703597066,1.0183187898034
31.8,14,1.00986275208557,1.00115165013874,1.01864965003905
32,14,1.01005444073022,1.00126884148802,1.01891712891281
32.2,14,1.01018618139906,1.00133681076768,1.0191137588433
32.4,14,1.01025337484226,1.00135308018993,1.01923277769974
32.6,14,1.01025143240152,1.00131422976778,1.01926840379172
32.8,14,1.01017577904171,1.00121559682446,1.01921614864879
33,14,1.01002185658534,1.00105092767067,1.0190731785783
33.2,14,1.00978635963569,1.00081288869692,1.01884028835193
33.4,14,1.00947333644911,1.00049779194335,1.01852940127167
33.6,14,1.00908954850187,1.00010360481624,1.01815623100649
33.8,14,1.0086417671851,0.999628829673368,1.01773596790192
34,14,1.00813676507776,0.99907313498852,1.01728262076943
34.2,14,1.00758131190226,0.998437903725379,1.0168084527908
34.4,14,1.00698217093185,0.997726636496069,1.01632356547656
34.6,14,1.00634609585002,0.996945156011593,1.01583568416556
34.8,14,1.00567982806207,0.996101586901755,1.01535017097681
35,14,1.00499009445787,0.995206124045184,1.01487025205704
35.2,14,1.00428360562482,0.994270637440598,1.01439741107415
35.4,14,1.00356705450945,0.993308179633337,1.01393188292131
35.6,14,1.00284711552582,0.992332459195397,1.01347318411201
35.8,14,1.00213044410872,0.991357326073389,1.01302063403039
36,14,1.00142367670944,0.990396290962428,1.01257384485934
36.2,14,1.00073343123206,0.989462079037826,1.01213317983782
36.4,14,1.00006630790794,0.988566202410203,1.01170019546918
36.6,14,0.999428890606531,0.98771852632305,1.01127809265401
36.8,14,0.998827748580523,0.986926800697259,1.01087220514186
37,14,0.998269438643937,0.986196130828747,1.0104905515022
37.2,14,0.997760507781854,0.98552837023126,1.0101444676377
37.4,14,0.997307496191103,0.984921438575408,1.00984931691363
37.6,14,0.996916940751663,0.984368604437741,1.009625238226
37.8,14,0.996595378929177,0.983857832041083,1.00949783287543
38,14,0.996349353109627,0.983371372151018,1.00949861014412
38.2,14,0.996184131148594,0.982884319748602,1.00966390775886
38.4,14,0.996098447212998,0.982360958397265,1.01002804321433
38.6,14,0.996088972739418,0.981765943389462,1.01062096143568
38.8,14,0.996152396431886,0.98107035015785,1.01146629979933
39,14,0.996285422652379,0.980253707997472,1.01257933052592
39.2,14,0.996484769058565,0.979304530544016,1.0139664057452
39.4,14,0.996747164355264,0.978219402852613,1.01562584707794
39.6,14,0.99706934615809,0.977001161016342,1.01754974376278
39.8,14,0.997448058967969,0.975656828425881,1.01972599519868
40,14,0.997880052255434,0.974195797416032,1.02214010913462
