"value","lag","rr","lo","hi"
0,0,1.02099134779471,0.992595485358732,1.06574594100808
0.2,0,1.02099806026838,0.992664312460812,1.06563865436128
0.4,0,1.02100472027865,0.992735030051649,1.06560006505689
0.6,0,1.02101124323368,0.992800318966005,1.06555572018196
0.8,0,1.02101753271804,0.992916494183385,1.06544157805379
1,0,1.02102347986223,0.99318758648915,1.06530820755336
1.2,0,1.02102896276982,0.993489858625574,1.06511295745453
1.4,0,1.02103384601507,0.993703557769962,1.06455607145083
1.6,0,1.02103798022456,0.993817702989665,1.063982985693
1.8,0,1.02104120175624,0.993863860334001,1.06380254013926
2,0,1.02104333248953,0.99396554893233,1.06370858387779
2.2,0,1.02104417973968,0.994246819323055,1.06361155962543
2.4,0,1.02104353630947,0.994365415559615,1.06365735062414
2.6,0,1.02104118069029,0.994590255650726,1.06377976942801
2.8,0,1.02103687742393,0.994751929345939,1.06389546976008
3,0,1.02103037763537,0.995036875817483,1.06400320389539
3.2,0,1.02102141974494,0.995324492017603,1.06395343703713
3.4,0,1.02100973036713,0.995463379338548,1.06378490561685
3.6,0,1.02099502540087,0.995560150245257,1.06341735027017
3.8,0,1.02097701131422,0.995641582143159,1.06300686183489
4,0,1.0209553866239,0.995856279673959,1.0627706813552
4.2,0,1.02092984356736,0.995854963228981,1.06251746649729
4.4,0,1.02090006996239,0.995853313352856,1.06225114647027
4.6,0,1.0208657512464,0.995983732241195,1.06197699292795
4.8,0,1.02082657268415,0.995970150414911,1.06161353803028
5,0,1.02078222172982,0.99601535193642,1.06128004187321
5.2,0,1.02073239052598,0.995962051505095,1.06108919418346
5.4,0,1.02067677851894,0.996002824481638,1.06068533516319
5.6,0,1.02061509516674,0.99600908888616,1.06022330830502
5.8,0,1.02054706271321,0.996088589509803,1.05973535002632
6,0,1.02047241899856,0.996276528291968,1.0592978460008
6.2,0,1.02039092027453,0.99633753513722,1.05886128704801
6.4,0,1.02030234398957,0.996349383278826,1.05839821419565
6.6,0,1.02020649150794,0.996482477434231,1.05790931941026
6.8,0,1.02010319072458,0.996642977587738,1.05760809389638
7,0,1.01999229853669,0.996789890534261,1.05723113672069
7.2,0,1.01987370313223,0.996810364359742,1.05667507490002
7.4,0,1.01974732605527,0.99687816007895,1.05609043002255
7.6,0,1.01961312400844,0.996914523241771,1.05551709806285
7.8,0,1.01947109035365,0.997014010092643,1.05499905137449
8,0,1.01932125627373,0.99712859378951,1.05446771090105
8.2,0,1.01916369155958,0.997197363112005,1.05389664596769
8.4,0,1.01899850499006,0.997266918979773,1.05322775627678
8.6,0,1.01882584427494,0.997398683719342,1.05255471471319
8.8,0,1.01864589553512,0.99755984156569,1.05201066862101
9,0,1.01845888229831,0.997719676893594,1.05134169566151
9.2,0,1.01826506399332,0.997837149307103,1.05047068585816
9.4,0,1.01806473393102,0.997953532826529,1.04968620537785
9.6,0,1.01785821676581,0.997940279182651,1.0490389692347
9.8,0,1.0176458654373,0.997997892746756,1.04824391763041
10,0,1.01742805759786,0.99808704552067,1.04747008744006
10.2,0,1.01720519153866,0.998236830627736,1.0468561299463
10.4,0,1.01697768163269,0.998407607086647,1.04611560631855
10.6,0,1.01674595332075,0.998562136094644,1.04507066181427
10.8,0,1.01651043767237,0.998729560052317,1.04376865457972
11,0,1.01627156556104,0.998760768457033,1.04286784258784
11.2,0,1.01602976149915,0.998823117262416,1.0420810569556
11.4,0,1.01578543718504,0.999002515190094,1.04133048464858
11.6,0,1.0155389848205,0.999139435282552,1.04044133007435
11.8,0,1.01529077026328,0.99926576777363,1.03958857732812
12,0,1.01504112608492,0.999398314759412,1.03873863699088
12.2,0,1.01479034460942,0.999531600899784,1.03773343452159
12.4,0,1.01453867101359,0.999663989237543,1.03664286695821
12.6,0,1.01428629657424,0.999623185744885,1.03578411791748
12.8,0,1.01403335215162,0.999752349776238,1.0347288803818
13,0,1.01377990200214,0.999924480445247,1.0337267674967
13.2,0,1.01352593801641,1.00002692177141,1.0329352653578
13.4,0,1.01327137448143,1.00002882365567,1.0321661374871
13.6,0,1.01301604346716,1.0001570020221,1.03123178129564
13.8,0,1.01275969093967,1.00020805157502,1.03035607925347
14,0,1.01250197370293,1.0002454914892,1.02945194607924
14.2,0,1.01224245727172,1.00036353570705,1.02853051148019
14.4,0,1.01198061477668,1.00038713523134,1.02776541902416
14.6,0,1.01171582700107,1.00050098380605,1.02683613251619
14.8,0,1.01144738364566,1.00053839336222,1.02602898190666
15,0,1.01117448591459,1.00063822560913,1.02503396138749
15.2,0,1.01089625050995,1.00064851680331,1.02397392888609
15.4,0,1.01061171511677,1.00070211017422,1.02313478154667
15.6,0,1.01031984545249,1.00077168401814,1.02221500602529
15.8,0,1.0100195439465,1.00095565355264,1.02123441270852
16,0,1.00970966010444,1.00118846212753,1.0203603198898
16.2,0,1.0093890026005,1.00135648063658,1.01940035245167
16.4,0,1.00905635312724,1.00145980579674,1.01839377152136
16.6,0,1.00871048201697,1.00155350174678,1.01739194208591
16.8,0,1.00835016563183,1.00155631775616,1.01659255752842
17,0,1.00797420550094,1.00166778370723,1.01574521966534
17.2,0,1.00758144916222,1.00172032648856,1.01485481367679
17.4,0,1.00717081264426,1.00179599274788,1.0140434893051
17.6,0,1.00674130449984,1.00181872989277,1.01311000467807
17.8,0,1.00629205127736,1.00179826073476,1.01217694900985
18,0,1.00582232428979,1.00181462759018,1.01122761887999
18.2,0,1.00533156751362,1.00179492280615,1.01024447607743
18.4,0,1.00481942642179,1.00174445003678,1.00915205516073
18.6,0,1.00428577752668,1.00162212117815,1.00804798892938
18.8,0,1.00373075838081,1.00144819634954,1.00697973967743
19,0,1.00315479775584,1.00126444552786,1.00589794784028
19.2,0,1.0025586456939,1.00107024781163,1.00477822583303
19.4,0,1.00194340310152,1.00081284954103,1.00361867688024
19.6,0,1.00131055053407,1.00057073535978,1.00243487010306
19.8,0,1.00066197580019,1.00029783067465,1.0012253071348
20,0,1,1,1
20.2,0,0.999327401600601,0.998769395474285,0.999691121248219
20.4,0,0.998647438145267,0.997525844956481,0.999372299477055
20.6,0,0.997963865192286,0.996294260671432,0.999039169620822
20.8,0,0.997280952083442,0.99504583591175,0.998720802078644
21,0,0.996603494152451,0.993785107780727,0.998391944399657
21.2,0,0.995936820999752,0.992571409444594,0.998088444906005
21.4,0,0.995286800482015,0.991301711449605,0.997831323256502
21.6,0,0.994659838092522,0.990072728555376,0.997592639312868
21.8,0,0.994062871441705,0.988915294066659,0.997351110004314
22,0,0.993503359585362,0.987781973575153,0.997169756512735
22.2,0,0.992989266990655,0.986705105304777,0.997006403027322
22.4,0,0.992529041976324,0.985622766676509,0.996955937960072
22.6,0,0.992131589512803,0.984607061213136,0.9969736237779
22.8,0,0.991806238319227,0.983586253145282,0.997015493200337
23,0,0.991562702246736,0.982735242020203,0.9971785412695
23.2,0,0.991411035990198,0.982006778569434,0.997415222976538
23.4,0,0.99136158522249,0.981263559419297,0.997731076305805
23.6,0,0.991424931296097,0.980771635099794,0.998212704419902
23.8,0,0.99161183070533,0.980224317186799,0.998841955193105
24,0,0.991933149548314,0.979944834299382,0.999608310712586
24.2,0,0.992399793270855,0.979852673594741,1.00055218542975
24.4,0,0.99302263201405,0.979865509347162,1.00161046628648
24.6,0,0.99381242192431,0.97997904228374,1.00280026944173
24.8,0,0.994779722818431,0.980285615200181,1.00422908079635
25,0,0.995934812628161,0.980842223442317,1.00584488102934
25.2,0,0.997287599078921,0.981582944562644,1.0076403823815
25.4,0,0.998847529086897,0.9823693532178,1.00952620094326
25.6,0,1.00062349638859,0.983627305672298,1.01170581317479
25.8,0,1.0026237479481,0.985032380281711,1.01403301714276
26,0,1.00485578972089,0.986628514500685,1.0166415652281
26.2,0,1.00732629238998,0.988645519333527,1.01947710547942
26.4,0,1.010040997731,0.990680909691653,1.02252864905806
26.6,0,1.01300462630896,0.992953116608466,1.02570508202152
26.8,0,1.01622078725976,0.995316539109579,1.02922207345497
27,0,1.01969189096526,0.997962770640882,1.03297998593725
27.2,0,1.02341906549051,1.00065243472063,1.03697325103667
27.4,0,1.02740207771455,1.00381190687601,1.04126701489888
27.6,0,1.03163926015051,1.00753821762895,1.04594602696794
27.8,0,1.03612744451426,1.01130704992433,1.05068609888657
28,0,1.04086190316056,1.01528739385556,1.05594595528849
28.2,0,1.04583629955847,1.01942509654281,1.06135495536948
28.4,0,1.05104264901917,1.02380785826805,1.06711003798849
28.6,0,1.05647129091612,1.02866761485238,1.07281840929185
28.8,0,1.0621108736436,1.03357194227132,1.07871491866994
29,0,1.06794835354217,1.03850382593475,1.08506972148
29.2,0,1.07396900897207,1.0437249326652,1.09148881756244
29.4,0,1.08015647063575,1.04929705574889,1.09821621324811
29.6,0,1.08649276913303,1.0547762414155,1.10481418162362
29.8,0,1.09295840057586,1.06045419729522,1.1116014836034
30,0,1.09953241089071,1.06636887416773,1.11882990399966
30.2,0,1.10619249919678,1.07223765419612,1.12598655610821
30.4,0,1.11291514036703,1.07820062166169,1.13322118386663
30.6,0,1.11967572656077,1.08414658016353,1.14036622820803
30.8,0,1.12644872716521,1.09022435372213,1.14762572610283
31,0,1.13320786620596,1.09640823711516,1.15464431808854
31.2,0,1.13992631589202,1.10298976971607,1.16164865034165
31.4,0,1.14657690455858,1.10886191299923,1.16885453302185
31.6,0,1.15313233687394,1.1152329769107,1.1759071430295
31.8,0,1.1595654237965,1.12094749294717,1.18255593200271
32,0,1.165849319419,1.12685832755686,1.18935671423927
32.2,0,1.17195776153174,1.13263027027613,1.19615997841548
32.4,0,1.17786531248878,1.13785542616711,1.20260784982508
32.6,0,1.18354759678226,1.14250880303318,1.20872597410151
32.8,0,1.18898153162972,1.14723875495368,1.21462445711322
33,0,1.19414554686642,1.1526650842596,1.22034962397383
33.2,0,1.19901979051256,1.15678551550844,1.22549299530876
33.4,0,1.2035863165574,1.16098030930092,1.230484258036
33.6,0,1.2078292517655,1.16467628145799,1.23497305347704
33.8,0,1.21173493866006,1.16772668328683,1.23938742019371
34,0,1.21529205226672,1.1707340416678,1.24337172324705
34.2,0,1.21849168869507,1.17367636175717,1.24707961970626
34.4,0,1.22132742418212,1.17617291479653,1.25028604837956
34.6,0,1.22379534380432,1.17818174484903,1.25309821582951
34.8,0,1.22589403966563,1.17955318169058,1.25556206086611
35,0,1.22762457897012,1.18108032675505,1.25784227484005
35.2,0,1.22899044297051,1.18190752577126,1.25995393337888
35.4,0,1.22999743833233,1.18238785271903,1.26121095852628
35.6,0,1.23065358295067,1.18310383453268,1.26248113919515
35.8,0,1.23096896869082,1.18386044842156,1.26341702836969
36,0,1.23095560388407,1.18396161292696,1.26366352795557
36.2,0,1.23062723868851,1.18378959307843,1.26400573739449
36.4,0,1.22999917661802,1.18338651265604,1.26409949790286
36.6,0,1.22908807564879,1.18316845550166,1.26388603616138
36.8,0,1.22791174233483,1.18176061688191,1.26352646191402
37,0,1.22648892230582,1.1811775813774,1.26235893751566
37.2,0,1.22483909038996,1.17984792329919,1.26108625151354
37.4,0,1.22298224340974,1.17763803801876,1.25976897673895
37.6,0,1.22093869845062,1.17580060137044,1.25835557820781
37.8,0,1.21872889911196,1.17471780068241,1.25652319856328
38,0,1.21637323192818,1.17317531520779,1.25449340170408
38.2,0,1.21389185480707,1.1710113966983,1.25226522724638
38.4,0,1.21130453898234,1.16864109009287,1.25027366507828
38.6,0,1.20863052562834,1.16649560326404,1.24769102359642
38.8,0,1.20588839794593,1.16338399198499,1.24581066570523
39,0,1.20309596920611,1.16088716951194,1.24390292116273
39.2,0,1.20027018693869,1.15740466367332,1.24187133798586
39.4,0,1.19742705318193,1.15394655852725,1.24031132035896
39.6,0,1.19458156046766,1.1504597887534,1.23883643242363
39.8,0,1.19174764300799,1.14753445650931,1.23712816331867
40,0,1.18893814237399,1.14515446360462,1.23490000903329
0,1,1.00335789001095,0.957732230903803,1.03264938231078
0.2,1,1.00337382695568,0.957815616883387,1.03259111445964
0.4,1,1.00339111612154,0.957895783252451,1.03252514715886
0.6,1,1.0034098181276,0.95797742170117,1.03246658518095
0.8,1,1.00342999101736,0.958056026342224,1.03240519487363
1,1,1.00345168967053,0.958223368014651,1.0323296936659
1.2,1,1.00347496520969,0.958307712684171,1.03226122652237
1.4,1,1.00349986440945,0.958396447118312,1.03201634137979
1.6,1,1.00352642911597,0.958427127290943,1.03173804455114
1.8,1,1.00355469568549,0.958362618343158,1.03156772825984
2,1,1.0035846944506,0.95832708830566,1.03140298170271
2.2,1,1.00361644922327,0.958388160050052,1.03127017877085
2.4,1,1.0036499768438,0.958700391119787,1.03119155199585
2.6,1,1.00368528678474,0.958911491864413,1.03105543376485
2.8,1,1.00372238081845,0.959159157544767,1.03089961088095
3,1,1.00376125275676,0.959491314510313,1.03074006953774
3.2,1,1.0038018882705,0.959632833549343,1.03068632685808
3.4,1,1.0038442647958,0.959843932840285,1.03048408685811
3.6,1,1.00388835153338,0.960057504366053,1.03056942177435
3.8,1,1.0039341095455,0.960289220895711,1.03054091591901
4,1,1.00398149195444,0.960505708703037,1.03043897474052
4.2,1,1.00403044424439,0.960631177728517,1.03032904154856
4.4,1,1.00408090466761,0.960760529767634,1.03023001082585
4.6,1,1.00413280475334,0.96103036713063,1.03019186318265
4.8,1,1.00418606991672,0.961347884409977,1.03017294489144
5,1,1.0042406201626,0.961624414790032,1.03022885205211
5.2,1,1.00429637087749,0.961913229832529,1.03000798513577
5.4,1,1.00435323370058,0.962121518227343,1.0299941298721
5.6,1,1.00441111746307,0.962396380288529,1.02991530862235
5.8,1,1.00446992918292,0.96274846278188,1.02984578884359
6,1,1.0045295751003,0.963064177071288,1.02978510999496
6.2,1,1.0045899617372,0.963449951032107,1.02973308677209
6.4,1,1.00465099696321,0.963867849913019,1.02968993181426
6.6,1,1.00471259104777,0.964589359738185,1.02965772939672
6.8,1,1.0047746576781,0.965303822124741,1.02962031915655
7,1,1.00483711492107,0.96567527010022,1.0294148711715
7.2,1,1.00489988610624,0.966058382794526,1.02920313324328
7.4,1,1.00496290060736,0.966488725573312,1.02905042652771
7.6,1,1.00502609449878,0.96688350466958,1.02894501301154
7.8,1,1.00508941106416,0.967312193026207,1.02877368339425
8,1,1.00515280113474,0.967816388743936,1.02850911783261
8.2,1,1.00521622323583,0.968507581179297,1.02828611263636
8.4,1,1.00527964352104,0.969144416802512,1.02826159421716
8.6,1,1.00534303547564,0.969754868840782,1.02801255665504
8.8,1,1.00540637937221,0.970353303605359,1.02778145855234
9,1,1.00546966146417,0.970971529414423,1.02758210526739
9.2,1,1.0055328729053,0.971572600368605,1.02731364433653
9.4,1,1.00559600838645,0.972224161714996,1.02709356778828
9.6,1,1.00565906448375,0.972876864908007,1.02685998040384
9.8,1,1.00572203771622,0.973547248555447,1.02664180175196
10,1,1.00578492231457,0.974211184281109,1.02636320114711
10.2,1,1.00584770770674,0.974889359215693,1.02607497735284
10.4,1,1.0059103757302,0.97559452681365,1.02592195921657
10.6,1,1.00597289758527,0.976326247999869,1.02572069233609
10.8,1,1.00603523054824,0.977050707433533,1.02550430765189
11,1,1.00609731446775,0.977820147037218,1.02527009715544
11.2,1,1.00615906807257,0.978537318838558,1.02514275636501
11.4,1,1.00622038512368,0.97934638359304,1.02512142717234
11.6,1,1.0062811304483,0.980163406848098,1.02503877014472
11.8,1,1.00634113589837,0.98092867012953,1.02471990957833
12,1,1.00640019628059,0.981774027572668,1.02443301196815
12.2,1,1.00645806530991,0.982644308515864,1.02402933315951
12.4,1,1.00651445164277,0.983451869310196,1.02381718831429
12.6,1,1.00656901505089,0.984131584606721,1.02367772118049
12.8,1,1.00662136280067,0.98492888073463,1.02331478297802
13,1,1.00667104630718,0.985801452382211,1.02298530481693
13.2,1,1.00671755813556,0.98670375946891,1.02272461909584
13.4,1,1.00676032942609,0.987496700612889,1.02221478316261
13.6,1,1.00679872782225,0.988170669384561,1.02175396103365
13.8,1,1.00683205598387,0.988992519369415,1.02136493330317
14,1,1.00685955076941,0.989666375244802,1.02087025302223
14.2,1,1.00688038317341,0.990442229400528,1.02050779582979
14.4,1,1.00689365910568,0.991289698344153,1.0201677024625
14.6,1,1.00689842109933,0.992123299797342,1.01964048832691
14.8,1,1.00689365103391,0.992877198225746,1.01924234934085
15,1,1.0068782739585,0.993548760045708,1.01897559338272
15.2,1,1.00685116309667,0.994270963938667,1.01851856567928
15.4,1,1.00681114611161,0.994936678248411,1.0180116335783
15.6,1,1.00675701270444,0.995587448393808,1.0176516808048
15.8,1,1.00668752361192,0.996222397603659,1.0171236385953
16,1,1.00660142106187,0.99677460514746,1.01666604496617
16.2,1,1.0064974407345,0.997272278667023,1.01620910107556
16.4,1,1.00637432526625,0.997656469833282,1.01556927310977
16.6,1,1.00623083931941,0.99807019364643,1.01484009324075
16.8,1,1.00606578622513,0.998464228223504,1.01409696039288
17,1,1.00587802619034,0.998854547112896,1.013368453566
17.2,1,1.00566649603963,0.999151227229922,1.01260879823963
17.4,1,1.0054302304422,0.999345700399513,1.01187980097825
17.6,1,1.00516838455105,0.999575617344103,1.01123389257868
17.8,1,1.00488025795694,0.999830773080255,1.0105171445717
18,1,1.00456531983387,1.00002342850359,1.00965904402157
18.2,1,1.00422323512581,1.00015687847693,1.00881714700133
18.4,1,1.00385389159628,1.00031579696918,1.00797349199583
18.6,1,1.00345742753443,1.00045517816335,1.00709005112555
18.8,1,1.00303425988274,1.00049110365646,1.00615004580931
19,1,1.00258511252394,1.00047130402552,1.00525754963504
19.2,1,1.00211104443788,1.00043748847855,1.00428293909438
19.4,1,1.00161347741432,1.00037470318691,1.00324728486223
19.6,1,1.00109422298487,1.0002686577576,1.00219431829864
19.8,1,1.0005555082174,1.00014815531501,1.00111421134714
20,1,1,1,1
20.2,1,0.999430827429386,0.998848059275045,0.999849946792801
20.4,1,0.998851601911018,0.997667254848638,0.999692071919041
20.6,1,0.998266434575537,0.996482917364962,0.999520695872209
20.8,1,0.997679950619189,0.995291063017579,0.999359843060616
21,1,0.997097300184373,0.994114570297387,0.999207631367668
21.2,1,0.996524165410989,0.992947357145308,0.999083566023914
21.4,1,0.995966763309526,0.991791141486154,0.998973851140838
21.6,1,0.995431844132894,0.990692336275326,0.998889605817399
21.8,1,0.99492668495545,0.989602911228044,0.998899056909364
22,1,0.994459078204188,0.988543872430784,0.999075898039396
22.2,1,0.994037314927931,0.987468653734636,0.999256445607982
22.4,1,0.993670162635106,0.98648236309374,0.999469036083123
22.6,1,0.993366837578304,0.985576741204259,0.999694027903269
22.8,1,0.993136971413627,0.984746922070235,0.999954736924859
23,1,0.992990572213868,0.984038437943371,1.00028914406526
23.2,1,0.992937979865911,0.983411483160292,1.0007916698001
23.4,1,0.992989815933618,0.982827952921577,1.00139763102567
23.6,1,0.99315692811707,0.98247212212526,1.00211493022894
23.8,1,0.993450329486644,0.98237331448858,1.00304102004812
24,1,0.993881132715641,0.982437329459942,1.00410842415214
24.2,1,0.994460479577578,0.982764284439616,1.00528161228468
24.4,1,0.995199466013811,0.983057085885849,1.0065490928135
24.6,1,0.996109063113883,0.983703263310415,1.00821419824406
24.8,1,0.997200034385247,0.984520098350494,1.00982451509214
25,1,0.998482849721284,0.985489541638475,1.01162694893618
25.2,1,0.999967596507655,0.986631804694435,1.01370603436926
25.4,1,1.00166388833769,0.987996400439859,1.01607432730409
25.6,1,1.00358077183891,0.989430272252985,1.01866193276064
25.8,1,1.00572663214592,0.991377404058968,1.02146189358214
26,1,1.00810909759065,0.993538661269534,1.0242795891403
26.2,1,1.01073494422068,0.99589374082395,1.02726404015249
26.4,1,1.01361000080038,0.998625759891189,1.03092075092812
26.6,1,1.01673905499917,1.00177819644614,1.03471104717892
26.8,1,1.02012576152558,1.00496450320844,1.03877218047448
27,1,1.0237725530262,1.0087719566217,1.04310976256925
27.2,1,1.0276805546326,1.01223709650265,1.04771120340359
27.4,1,1.03184950310803,1.01628032113978,1.05278773281867
27.6,1,1.03627767161471,1.02047075742268,1.05811053296132
27.8,1,1.04096180119218,1.02482042002883,1.0637795937471
28,1,1.04589704010217,1.02944422012181,1.06941401421796
28.2,1,1.05107689225404,1.03400376438324,1.07583895491073
28.4,1,1.05649317597155,1.03879810674011,1.08202221954784
28.6,1,1.06213599439331,1.04413615815533,1.08836796149331
28.8,1,1.0679937188099,1.04960347949876,1.09489273861566
29,1,1.07405298622621,1.05554254050902,1.10153709926799
29.2,1,1.08029871239286,1.06169944601191,1.10920024911224
29.4,1,1.08671412147106,1.06802339197385,1.11621935191845
29.6,1,1.09328079337788,1.07437295970432,1.12357870914435
29.8,1,1.0999787296989,1.08061343348647,1.13234949788378
30,1,1.10678643885316,1.08728756573912,1.14149038168359
30.2,1,1.11368104094795,1.09387069366166,1.15020391681254
30.4,1,1.12063839247217,1.10044563480148,1.15861921924138
30.6,1,1.12763323064722,1.10703626674994,1.16749453261532
30.8,1,1.13463933689091,1.11375680416883,1.17620348645344
31,1,1.14162971845732,1.12034816769412,1.18533124592182
31.2,1,1.14857680690512,1.12702026731388,1.19399276722691
31.4,1,1.15545267162706,1.13357827696979,1.20262055192391
31.6,1,1.16222924625808,1.13976570858162,1.21139785122972
31.8,1,1.16887856538108,1.14564985627697,1.22013287990049
32,1,1.17537300858208,1.1516840604869,1.22847671260614
32.2,1,1.18168554858477,1.15787428549075,1.23680355166979
32.4,1,1.18778999993144,1.16379616219725,1.24490558940519
32.6,1,1.1936612644856,1.16907234350735,1.25287735989911
32.8,1,1.19927556992202,1.17426467189483,1.26015811047723
33,1,1.20461069735066,1.17930188278498,1.26771929513742
33.2,1,1.20964619429691,1.18398739633729,1.27493411008599
33.4,1,1.2143635694344,1.18827210033692,1.28125453514462
33.6,1,1.2187464657365,1.19241808084747,1.28676850434864
33.8,1,1.22278080907265,1.19612272947508,1.29144263206645
34,1,1.22645492971837,1.19941091077375,1.29602742497759
34.2,1,1.22975965476016,1.20235944662768,1.30062541314914
34.4,1,1.23268836994372,1.20464810968258,1.30425298258538
34.6,1,1.23523705012001,1.20673684727285,1.30751075003827
34.8,1,1.23740425806889,1.20840060149931,1.31050979195922
35,1,1.23919111210618,1.20961676458367,1.31364431132445
35.2,1,1.24060122348836,1.21039982661809,1.31536572867086
35.4,1,1.24164060520043,1.211173113648,1.31708959601788
35.6,1,1.24231755423244,1.2115731014185,1.31890833035497
35.8,1,1.24264250990361,1.2115250728055,1.3185883155227
36,1,1.24262789116904,1.21099672549897,1.3188931798638
36.2,1,1.24228791613588,1.21005906565311,1.31945264168673
36.4,1,1.24163840721759,1.2087352583895,1.31967484876315
36.6,1,1.24069658546688,1.20742356452468,1.31956355918846
36.8,1,1.23948085765098,1.20575438643389,1.3188614590335
37,1,1.23801059957298,1.2040808925348,1.31780082573684
37.2,1,1.23630593900668,1.20177514070922,1.31536522533787
37.4,1,1.23438754140979,1.19950278878857,1.31308390049447
37.6,1,1.23227640132149,1.19738880562201,1.31077264922593
37.8,1,1.2299936420477,1.19510220980495,1.30823378359572
38,1,1.22756032590245,1.19246776328811,1.30637688925217
38.2,1,1.22499727691833,1.18970699445559,1.30312844400906
38.4,1,1.22232491757466,1.18553407729416,1.30127277924438
38.6,1,1.21956312072877,1.18210263129369,1.29921776124875
38.8,1,1.21673107758301,1.17913668659628,1.29741241856888
39,1,1.21384718218502,1.17547029816141,1.29446667530489
39.2,1,1.21092893264821,1.17191333955723,1.29152369551636
39.4,1,1.20799284899749,1.16836491616761,1.2886994592928
39.6,1,1.20505440729543,1.1650622373532,1.28581609118944
39.8,1,1.20212798948838,1.16173353619671,1.2830594186508
40,1,1.19922684823057,1.15845548798366,1.2808419657544
0,2,0.9642390398909,0.938383920569412,1.002491943753
0.2,2,0.964266821427597,0.938490771012045,1.00248510277086
0.4,2,0.964297780041285,0.938604207066477,1.00253184650853
0.6,2,0.96433219706131,0.938724487454488,1.00259944532442
0.8,2,0.964370370822074,0.938873335301038,1.00260387104155
1,2,0.964412616966876,0.939126900283988,1.00257424854891
1.2,2,0.964459268683574,0.939393044369362,1.00264240205899
1.4,2,0.964510676863704,0.939668005428189,1.00275995272626
1.6,2,0.964567210176342,0.940105800981067,1.00288703286354
1.8,2,0.964629255047739,0.940492287735062,1.00300676598889
2,2,0.964697215537474,0.940652899572098,1.00299569593617
2.2,2,0.96477151310173,0.940785579159972,1.00295610840686
2.4,2,0.964852586234157,0.941047913126325,1.00299338539977
2.6,2,0.964940889974786,0.941368987826853,1.00312225269408
2.8,2,0.965036895277515,0.941432241201246,1.00324422307837
3,2,0.965141088226888,0.941776642834477,1.00334189856219
3.2,2,0.965253969095194,0.942064209937529,1.0034111331887
3.4,2,0.965376051231356,0.94225263977762,1.00344797465661
3.6,2,0.965507859773693,0.942453166729921,1.00351249266963
3.8,2,0.96564993017939,0.942646878821936,1.00353963423918
4,2,0.965802806564435,0.942811706579021,1.00353032624968
4.2,2,0.965967039848909,0.943139342047176,1.00356072755328
4.4,2,0.96614318570377,0.94349812158128,1.0036375170994
4.6,2,0.96633180229678,0.943842528072356,1.00380832179888
4.8,2,0.966533447836844,0.944219259550258,1.00395447740374
5,2,0.966748677917879,0.944597624286835,1.00394813961864
5.2,2,0.966978042665307,0.944926975162182,1.00397483879131
5.4,2,0.967222083690424,0.945342564906693,1.0042407459306
5.6,2,0.967481330860181,0.945702921249588,1.00432509465916
5.8,2,0.967756298892282,0.946131015104146,1.00444305346051
6,2,0.968047483788018,0.946624202352505,1.00453540891353
6.2,2,0.968355359117761,0.947187423555077,1.00464973617361
6.4,2,0.968680372176621,0.947725829108304,1.00471319899213
6.6,2,0.969022940030295,0.948357751072483,1.00475358458553
6.8,2,0.969383445473634,0.949061290373069,1.00478553780692
7,2,0.969762232926837,0.949511104743053,1.00485960312419
7.2,2,0.970159604296412,0.949975570903723,1.00492860372379
7.4,2,0.97057581483014,0.950474275309802,1.00495682164128
7.6,2,0.971011068997056,0.951007894938815,1.00497717353152
7.8,2,0.971465516425051,0.951576669992075,1.00499036511098
8,2,0.971939247929934,0.952179689848869,1.00503684046082
8.2,2,0.972432291670655,0.952860192369024,1.00520847028897
8.4,2,0.972944609465946,0.953603152088593,1.00518132249684
8.6,2,0.973476093307681,0.954291526518855,1.00515128547592
8.8,2,0.974026562105954,0.955118929195123,1.0051191065412
9,2,0.974595758700089,0.955915170581021,1.00523092686565
9.2,2,0.975183347168557,0.956623738564975,1.0052487824208
9.4,2,0.975788910469119,0.957491913362052,1.00526150072971
9.6,2,0.976411948438395,0.958374673246878,1.00527764765574
9.8,2,0.977051876177557,0.959252983994954,1.00542375016892
10,2,0.977708022847941,0.960038762266359,1.00542932212663
10.2,2,0.978379630897177,0.960810788747304,1.00545933201867
10.4,2,0.979065855732894,0.961708386048568,1.00560152554036
10.6,2,0.97976576585738,0.962691329487961,1.00562298142033
10.8,2,0.980478343472671,0.963573579787237,1.00577914755363
11,2,0.981202485561623,0.964425832763759,1.00580847672013
11.2,2,0.981937005446581,0.965309304204662,1.00593431240598
11.4,2,0.982680634823423,0.966324507426339,1.00594284394826
11.6,2,0.983432026265148,0.967151194920746,1.00601713409739
11.8,2,0.984189756185764,0.967995491700394,1.00608933657376
12,2,0.984952328252303,0.968877569166916,1.0062088756016
12.2,2,0.985718177230229,0.969812353702085,1.00630868739947
12.4,2,0.986485673245526,0.97070539708722,1.00636665407003
12.6,2,0.987253126445387,0.971608571627314,1.00649437439098
12.8,2,0.988018792038709,0.972681246345341,1.00663230091007
13,2,0.988780875697636,0.97365463616566,1.00669553832476
13.2,2,0.989537539302145,0.974634175262461,1.0067484771195
13.4,2,0.990286907011231,0.975618319947996,1.00692822230968
13.6,2,0.991027071646514,0.97676853066199,1.00693655721692
13.8,2,0.99175610137715,0.977772764082378,1.00698613275072
14,2,0.992472046698611,0.978687134072404,1.00721483165969
14.2,2,0.993172947702218,0.979663748838695,1.00743498386702
14.4,2,0.993856841637104,0.980690876190521,1.00753214260569
14.6,2,0.994521770771501,0.981617152914682,1.00756875126829
14.8,2,0.995165790565608,0.982583501894407,1.00760766155926
15,2,0.99578697817381,0.983442716035346,1.00761993504633
15.2,2,0.996383441299313,0.984395504024368,1.00775259590822
15.4,2,0.99695332742925,0.985291680290502,1.00772094431928
15.6,2,0.997494833482756,0.986211885144314,1.00773732205538
15.8,2,0.998006215908072,0.987124053557613,1.00774285999485
16,2,0.998485801267365,0.988002859709989,1.00764827284213
16.2,2,0.998931997349212,0.988762469660021,1.00755834819594
16.4,2,0.999343304848527,0.989614510410694,1.00754095065437
16.6,2,0.999718329651755,0.990456670534896,1.00743260558569
16.8,2,1.00005579576134,0.991266617869909,1.00725081523772
17,2,1.00035455888752,0.992044056364877,1.00715393317403
17.2,2,1.0006136207275,0.992777570272776,1.00691246130718
17.4,2,1.00083214394127,0.993458302750339,1.00665798128955
17.6,2,1.00100946782108,0.994091223962337,1.00637430550909
17.8,2,1.00114512463591,0.994709692040078,1.00603979056042
18,2,1.00123885661525,0.995303667778423,1.00565737601599
18.2,2,1.00129063351688,0.995861197129036,1.00529490780833
18.4,2,1.00130067070196,0.996380819987934,1.00483633866802
18.6,2,1.00126944761755,0.996887735626095,1.00430062090452
18.8,2,1.00119772656263,0.997380645576804,1.00376865458205
19,2,1.00108657158812,0.997860660859425,1.00320556578276
19.2,2,1.00093736735607,0.998317379069379,1.00263006757305
19.4,2,1.0007518377574,0.998754270010227,1.00203730419541
19.6,2,1.0005320640631,0.999173869061121,1.00138400474391
19.8,2,1.00028050235989,0.999590563070347,1.00069720692536
20,2,1,1,1
20.2,2,0.999693810775594,0.999279738614576,1.00039643878036
20.4,2,0.999365608512361,0.998537101429084,1.00077607861624
20.6,2,0.999019498764693,0.997784992497352,1.00115727666896
20.8,2,0.998660028286847,0.996990617772014,1.00156224204373
21,2,0.998292191951226,0.996173103606214,1.00199102448942
21.2,2,0.997921436786683,0.995356117450768,1.00242139399914
21.4,2,0.997553662816805,0.994489013606386,1.00285023269221
21.6,2,0.99719522039064,0.99363283248929,1.00327626881244
21.8,2,0.996852903716257,0.992775513372647,1.00369983629254
22,2,0.996533940330767,0.991935473538413,1.00413807729053
22.2,2,0.99624597626879,0.991173211982798,1.00466128443381
22.4,2,0.995997056724274,0.990283955792029,1.00514587784219
22.6,2,0.995795602037861,0.989557322891762,1.00565779782347
22.8,2,0.995650378882694,0.98871698742034,1.00626896783307
23,2,0.995570466565396,0.987991281349437,1.00693629543657
23.2,2,0.995565218404868,0.987263737914835,1.00771842433167
23.4,2,0.995644218199085,0.986672048604589,1.00862433962273
23.6,2,0.995817231838366,0.98615799023845,1.00954467367971
23.8,2,0.996094154172012,0.985708912574648,1.01050349220768
24,2,0.996484951283204,0.985402439236985,1.01169176411826
24.2,2,0.996999598374085,0.98514798641042,1.01293696939432
24.4,2,0.997648013508734,0.985026244112719,1.01418741865641
24.6,2,0.998439987506009,0.985030265374808,1.01552072789175
24.8,2,0.999385110316972,0.985194593475699,1.01710370859181
25,2,1.00049269426296,0.985547310470212,1.01894296583989
25.2,2,1.00177169455056,0.986059716787405,1.02063217400969
25.4,2,1.00323062751911,0.986851301456834,1.0227804614192
25.6,2,1.00487748711569,0.987760550790424,1.02526659034446
25.8,2,1.00671966013182,0.988811072753081,1.02792812438928
26,2,1.00876384077684,0.990051926984102,1.03061419018888
26.2,2,1.01101594520435,0.991540555527533,1.03361219709455
26.4,2,1.01348102665218,0.993327497006839,1.03651057590891
26.6,2,1.01616319190199,0.995316111167783,1.03968191077177
26.8,2,1.01906551981262,0.997556693101142,1.04282424761201
27,2,1.02218998273128,1.00004403061792,1.04626315954229
27.2,2,1.02553737163772,1.00276067934962,1.04996176282488
27.4,2,1.02910722592812,1.00562996203273,1.05397551788834
27.6,2,1.03289776879525,1.00880274119914,1.05820675143668
27.8,2,1.03690584920885,1.01208224425456,1.06209067137592
28,2,1.04112689154122,1.01557684374294,1.06681493258896
28.2,2,1.04555485391633,1.01943583993315,1.07163123181648
28.4,2,1.05018219638209,1.02338151916636,1.07706729207218
28.6,2,1.05499986001189,1.02730646660612,1.08271474540071
28.8,2,1.05999725802948,1.03148895379258,1.08845887541613
29,2,1.06516228001633,1.03577017399176,1.09378850482063
29.2,2,1.07048131020039,1.04048409600052,1.09963005854052
29.4,2,1.07593926073545,1.04508380338028,1.10576336969361
29.6,2,1.0815196207588,1.04978232429789,1.11187925844458
29.8,2,1.08720452185974,1.05455293028761,1.1181438342988
30,2,1.09297482040174,1.05958726078324,1.1245327953375
30.2,2,1.09881019691634,1.06464906433755,1.13102397180739
30.4,2,1.10468927252992,1.06950830552082,1.13756185542971
30.6,2,1.11058974209705,1.07445252190994,1.14422083385261
30.8,2,1.11648852340155,1.0793113040731,1.15098980184138
31,2,1.12236192145459,1.08459443322334,1.15773766374144
31.2,2,1.12818580657608,1.089574779764,1.1642898893461
31.4,2,1.13393580459941,1.09424984804636,1.17082624289657
31.6,2,1.13958749720153,1.09882815281472,1.17740138512985
31.8,2,1.14511663004054,1.10333849906432,1.18370105904327
32,2,1.15049932609288,1.10755637470972,1.18996558921444
32.2,2,1.15571230133322,1.11172089442156,1.19593803152744
32.4,2,1.16073307970314,1.11598920371537,1.20183561700855
32.6,2,1.16554020417848,1.11975857217639,1.20764702377068
32.8,2,1.17011344067942,1.12316312547656,1.21318557062352
33,2,1.17443397157598,1.12676184764029,1.21812608396118
33.2,2,1.17848457563019,1.1300584187871,1.22272873765871
33.4,2,1.18224979138449,1.13312225419419,1.22733176449689
33.6,2,1.18571606125217,1.13570452526825,1.23138312972609
33.8,2,1.1888718538853,1.1377314201112,1.23535324056601
34,2,1.19170776278063,1.13971344530634,1.23917804400747
34.2,2,1.19421657952414,1.14116460386106,1.24226280584758
34.4,2,1.19639334055826,1.14254553054074,1.24512089089832
34.6,2,1.19823534686732,1.14371487973468,1.2469199368566
34.8,2,1.19974215650262,1.14452740535217,1.24890348480357
35,2,1.20091555039199,1.14521958190764,1.25022936639454
35.2,2,1.20175947238475,1.14555134822958,1.25150295850204
35.4,2,1.20227994495772,1.14549697123777,1.25202197307666
35.6,2,1.20248496243736,1.14518955767083,1.25237734983086
35.8,2,1.20238436396674,1.14485500611461,1.25309824574053
36,2,1.20198968875498,1.14444747312917,1.25337327369717
36.2,2,1.2013140163848,1.14372280114465,1.25312194249555
36.4,2,1.20037179511727,1.14251428400868,1.2525196794318
36.6,2,1.19917866122139,1.14077115700834,1.25189614101298
36.8,2,1.19775125237113,1.13905720779836,1.25016166038249
37,2,1.19610701809823,1.13719877292579,1.24905953217035
37.2,2,1.194264030172,1.13498968433997,1.24700157968573
37.4,2,1.19224079560441,1.13289034958455,1.24568448946601
37.6,2,1.19005607475954,1.13059015998116,1.24416621841202
37.8,2,1.18772870679048,1.12812809035153,1.2421906883427
38,2,1.18527744434314,1.12506083089541,1.23988969220585
38.2,2,1.18272079916633,1.12261173927281,1.23786270287441
38.4,2,1.18007689995853,1.1199823435514,1.23547179633997
38.6,2,1.17736336347412,1.11783128371195,1.23339768737886
38.8,2,1.17459717961164,1.11477209654284,1.23102717190804
39,2,1.17179461092168,1.11209189690016,1.22837491237052
39.2,2,1.16897110670607,1.10935401521909,1.22589946272468
39.4,2,1.16614123163874,1.1066181357593,1.22318482323792
39.6,2,1.16331860862309,1.10405982751431,1.22061993067897
39.8,2,1.16051587541401,1.10127486589592,1.2181779882707
40,2,1.15774465437458,1.09871972802905,1.21626288994235
0,3,0.957717615395754,0.93584151656867,0.983198729000272
0.2,3,0.957745354233357,0.93609910967942,0.983117473079896
0.4,3,0.957776421485651,0.936370080979881,0.983197206466979
0.6,3,0.957811126560315,0.936654657898031,0.983087479093128
0.8,3,0.957849798904518,0.936855531063795,0.982686137245087
1,3,0.957892788480195,0.937051980497454,0.982500617670867
1.2,3,0.957940466164795,0.937245546204014,0.982466028122643
1.4,3,0.957993224066799,0.937351871076797,0.982436696129849
1.6,3,0.958051475744847,0.937475353514197,0.982335755268667
1.8,3,0.958115656318883,0.937661439105705,0.982003645926798
2,3,0.958186222461391,0.93788302485866,0.981755674795332
2.2,3,0.958263652256494,0.938120639040216,0.981559249869097
2.4,3,0.958348444914565,0.938197069992887,0.981424671139589
2.6,3,0.958441120329922,0.938438929939853,0.981512682937823
2.8,3,0.958542218469268,0.938863297864389,0.981689865248208
3,3,0.95865229857878,0.939115614664887,0.981717180056205
3.2,3,0.958771938198149,0.939367760947935,0.981792602214693
3.4,3,0.958901731970452,0.939646160232099,0.981786684496766
3.6,3,0.959042290237522,0.94000205422641,0.981910312546277
3.8,3,0.959194237411466,0.940306822333112,0.982189629607344
4,3,0.959358210114176,0.940600412194985,0.98246711853741
4.2,3,0.959534855078122,0.940963673408496,0.982581554122963
4.4,3,0.959724826803355,0.941331182251906,0.982708786458028
4.6,3,0.959928784967533,0.941720056625466,0.982927734822448
4.8,3,0.960147391587903,0.942103747724784,0.98315436089851
5,3,0.960381307936473,0.94252098075081,0.983388761986841
5.2,3,0.960631191212129,0.943006575889183,0.983631031422553
5.4,3,0.960897690976186,0.943443702831725,0.983881258042579
5.6,3,0.961181445360677,0.943858447670973,0.984139525534737
5.8,3,0.961483077061711,0.944197440449344,0.984405911661446
6,3,0.961803189133308,0.944547564268427,0.984691908345209
6.2,3,0.962142360600264,0.945063094974023,0.985004619137264
6.4,3,0.962501141911759,0.945542191837762,0.985184911956323
6.6,3,0.962880050260561,0.946042952041589,0.985505620202203
6.8,3,0.963279564795725,0.946622774063702,0.985801308190149
7,3,0.963700121759595,0.94720110755934,0.986075528662452
7.2,3,0.964142109582687,0.947776287261176,0.986365035683775
7.4,3,0.964605863972476,0.948392807434891,0.986649374952399
7.6,3,0.96509166303436,0.949007387549213,0.986895022730492
7.8,3,0.965599722464917,0.949572561893386,0.987223529912778
8,3,0.966130190859031,0.950248018158389,0.987570691034102
8.2,3,0.966683145173524,0.950994397951002,0.987936442734849
8.4,3,0.96725858639045,0.951790848948411,0.988317975687091
8.6,3,0.967856435423298,0.952583806013575,0.988676636381807
8.8,3,0.968476529308828,0.953409793592124,0.989064642487519
9,3,0.969118617726237,0.954232771515742,0.989430434102072
9.2,3,0.969782359883762,0.955021975729306,0.989899737696497
9.4,3,0.97046732181065,0.955814162790881,0.990477132176819
9.6,3,0.971172974089728,0.956594430969904,0.99097915599188
9.8,3,0.97189869006259,0.957272617089666,0.991389893485111
10,3,0.97264374453568,0.958119837503441,0.991883681343945
10.2,3,0.973407313011441,0.959028905512498,0.992321493663782
10.4,3,0.974188471464113,0.960039538074594,0.992910516906863
10.6,3,0.97498619667498,0.96108304539609,0.993558268776362
10.8,3,0.975799367136751,0.9620241945876,0.994088389820668
11,3,0.976626764531553,0.962896564932588,0.994639523134224
11.2,3,0.977467075781768,0.963798610537581,0.995324443696966
11.4,3,0.978318895667704,0.964854523701853,0.995984733991829
11.6,3,0.979180730001074,0.965828220298518,0.996535728193128
11.8,3,0.98005099933846,0.966735495175702,0.997148070493401
12,3,0.980928043214555,0.967695600707432,0.997667993968544
12.2,3,0.981810124871039,0.968629548891041,0.998138074890018
12.4,3,0.982695436453674,0.969615604843475,0.998654432490755
12.6,3,0.983582104647472,0.970584882635738,0.999169085575248
12.8,3,0.984468196717999,0.971544365815798,0.999766972877632
13,3,0.985351726925746,0.972638678797008,1.00029395309429
13.2,3,0.986230663280356,0.973708741549204,1.00079112717002
13.4,3,0.987102934602236,0.974689630931924,1.00126912984958
13.6,3,0.987966437860724,0.975612289532823,1.00174519829672
13.8,3,0.988819045760566,0.976595202715665,1.00227046474551
14,3,0.989658614551892,0.977601650545979,1.00279410246777
14.2,3,0.99048299204315,0.978583256208492,1.00329094517312
14.4,3,0.991290025801406,0.979596592762376,1.00370946183347
14.6,3,0.99207757153001,0.980583154465139,1.00411211456288
14.8,3,0.992843501619636,0.981470140168029,1.00448292619774
15,3,0.993585713875049,0.982404418531496,1.00486024520618
15.2,3,0.994302140426318,0.983395651401721,1.00514738039307
15.4,3,0.994990756839511,0.984369881870987,1.00542208193898
15.6,3,0.995649591447859,0.98534970655321,1.00564250373509
15.8,3,0.996276734929685,0.986275153535325,1.00586959336217
16,3,0.996870350163965,0.987141783227949,1.00605382351599
16.2,3,0.997428682397764,0.987965604004542,1.00625403160094
16.4,3,0.99795006976193,0.988799885698849,1.0064158497166
16.6,3,0.998432954171919,0.989640983551334,1.00646077508573
16.8,3,0.998875892649395,0.990442009256352,1.00660286005072
17,3,0.999277569097019,0.991217869630241,1.00655128289133
17.2,3,0.999636806553478,0.991952551781372,1.00645499797122
17.4,3,0.999952579948212,0.992707430765543,1.00624776191117
17.6,3,1.00022402936539,0.993435840588943,1.00612574032516
17.8,3,1.00045047381443,0.994132560135637,1.00588477368948
18,3,1.00063142548981,0.994809371421394,1.00556910875685
18.2,3,1.00076660448627,0.995421479082101,1.00527546674628
18.4,3,1.00085595391665,0.996013204775269,1.0048946774782
18.6,3,1.00089965535926,0.996589236492638,1.00443784031655
18.8,3,1.00089814453959,0.99714408450863,1.00394983276195
19,3,1.00085212712819,0.997670488366011,1.00338904823871
19.2,3,1.00076259451278,0.998181428554138,1.00278518732318
19.4,3,1.00063083937881,0.998675719770095,1.00213715333025
19.6,3,1.00045847090928,0.999137137118128,1.00145728724413
19.8,3,1.00024742939176,0.999579391381919,1.00074567867982
20,3,1,1,1
20.2,3,0.999718825498221,0.99922422077533,1.00041157042216
20.4,3,0.99940691760028,0.99841330451337,1.00080700742998
20.6,3,0.999067666703098,0.997572829195354,1.00119661014345
20.8,3,0.998704849704706,0.996705247115325,1.00155870820007
21,3,0.998322635612676,0.99583361987372,1.00193333980592
21.2,3,0.997925588648807,0.994892632404957,1.00230251064805
21.4,3,0.997518668561024,0.993940347176858,1.00268703791914
21.6,3,0.997107227863784,0.992986448174122,1.00308478083029
21.8,3,0.996697005743916,0.99198946992116,1.00348714244758
22,3,0.996294118389714,0.991063134778437,1.00389545230687
22.2,3,0.995905045527107,0.990070722761545,1.00429882995081
22.4,3,0.995536612977542,0.989084467751734,1.00475147291749
22.6,3,0.995195971087467,0.988153661944059,1.00520808288475
22.8,3,0.994890568918494,0.987070480801813,1.00572532340493
23,3,0.99462812412981,0.986203729304956,1.00625999477975
23.2,3,0.994416588529677,0.985303864880554,1.00686530830801
23.4,3,0.994264109320075,0.984457834033029,1.0075383331089
23.6,3,0.994178986107101,0.983606911662682,1.00824255952388
23.8,3,0.994169623798924,0.982864955678518,1.00903536200045
24,3,0.994244481562225,0.982249057001573,1.00990423294524
24.2,3,0.994412018056572,0.98161309551766,1.01080225801789
24.4,3,0.994680633213574,0.981053968593943,1.01180202059737
24.6,3,0.995058606873467,0.9805944767519,1.01288889883223
24.8,3,0.99555403463583,0.980363094232799,1.01398798496506
25,3,0.996174761323058,0.980199056009161,1.01527595305811
25.2,3,0.996928312495118,0.980172561819468,1.01657179430354
25.4,3,0.997821824491917,0.98038610040534,1.01819749982077
25.6,3,0.998861973515433,0.980554422846941,1.01985715931051
25.8,3,1.00005490429781,0.981091438936865,1.02179896791804
26,3,1.00140615893403,0.981827889917333,1.0237329356054
26.2,3,1.00292060648866,0.982608238025658,1.02590812479081
26.4,3,1.00460237401588,0.983567561251836,1.02828612959825
26.6,3,1.00645477966003,0.984710921828011,1.03080906551201
26.8,3,1.00848026853094,0.985944107283458,1.03338732830911
27,3,1.01068035207265,0.987321156436748,1.03601943034772
27.2,3,1.01305555166733,0.988972049749016,1.03889561984819
27.4,3,1.01560534723465,0.990869890450695,1.04176256783333
27.6,3,1.01832813160271,0.993240746334865,1.04486245030883
27.8,3,1.02122117143537,0.99522866451467,1.04821645511018
28,3,1.02428057550378,0.997683186709999,1.05169549920097
28.2,3,1.02750127108296,1.000589011229,1.05531537949242
28.4,3,1.03087698923729,1.00310892815846,1.05882114972312
28.6,3,1.03440025972851,1.00591070978926,1.06292312125328
28.8,3,1.0380624162351,1.00860019157184,1.06673400568903
29,3,1.04185361251032,1.01151591933825,1.0708534052209
29.2,3,1.04576285002632,1.01455111972695,1.07521183208886
29.4,3,1.04977801755233,1.01784862999623,1.07927805588026
29.6,3,1.05388594299473,1.02116531856867,1.08396515955367
29.8,3,1.05807245768619,1.02402384112324,1.08857057566218
30,3,1.06232247314992,1.02762302073399,1.09336620388823
30.2,3,1.06662007018502,1.03083439556795,1.09891977237332
30.4,3,1.07094859992197,1.03414994560827,1.10411762967287
30.6,3,1.07529079628668,1.037053659984,1.10914835759555
30.8,3,1.07962889909108,1.04033898249472,1.11430667517561
31,3,1.08394478674273,1.04390283711511,1.11915656637433
31.2,3,1.0882201173416,1.04723699585514,1.1241468889358
31.4,3,1.0924364767143,1.05011837399645,1.12897908404798
31.6,3,1.09657553173242,1.0534453069304,1.13381722602331
31.8,3,1.10061918707808,1.05590231635742,1.13929184877967
32,3,1.10454974346435,1.0586528417106,1.14406407402048
32.2,3,1.1083500551959,1.06177684310946,1.14866894717865
32.4,3,1.11200368487321,1.06410321248899,1.15305856781113
32.6,3,1.11549505300622,1.0664796343601,1.15770322809516
32.8,3,1.11880958031335,1.06922444944171,1.16197073736286
33,3,1.12193382054339,1.07159454654925,1.16539277157265
33.2,3,1.12485558176921,1.0737666213346,1.16875583933918
33.4,3,1.12756403426408,1.07600466574055,1.17232367910542
33.6,3,1.13004980328005,1.0779159894014,1.17562750188059
33.8,3,1.13230504529869,1.07973317855391,1.17845519118015
34,3,1.13432350661149,1.08131854120333,1.18137343503403
34.2,3,1.1361005634029,1.08300288823593,1.18328733511729
34.4,3,1.13763324284513,1.08455991491066,1.1851876870619
34.6,3,1.13892022505994,1.08532049754934,1.18663575580207
34.8,3,1.13996182615124,1.08612386355415,1.1877981070574
35,3,1.14075996285125,1.08672841014066,1.18876276232673
35.2,3,1.14131809964544,1.08728956667573,1.18955617708648
35.4,3,1.14164117953717,1.08787851248378,1.18988357544225
35.6,3,1.14173553987568,1.08860702311847,1.1899355444967
35.8,3,1.14160881489455,1.08894331160343,1.18984119315051
36,3,1.14126982678668,1.08848151382859,1.18924540243576
36.2,3,1.14072846727469,1.08795550383993,1.18878113045392
36.4,3,1.13999557171984,1.08699013695345,1.18801282150928
36.6,3,1.13908278784883,1.08583273026326,1.18713616521063
36.8,3,1.13800244116853,1.08478815411753,1.18577597657739
37,3,1.13676739908584,1.08341187742802,1.18400313038674
37.2,3,1.1353909356587,1.08205306838426,1.18238586682159
37.4,3,1.13388659877882,1.08050617026169,1.18085740253158
37.6,3,1.13226808143403,1.0787202562387,1.17964199999962
37.8,3,1.13054909852244,1.07655918117753,1.17845527298014
38,3,1.12874327049976,1.07459921222031,1.17661182564992
38.2,3,1.12686401494008,1.07252697079832,1.17512242234777
38.4,3,1.12492444688484,1.07039784090482,1.17324586769208
38.6,3,1.12293728865051,1.06806527217909,1.17176540608718
38.8,3,1.12091478956679,1.06545853160618,1.169836497666
39,3,1.1188686559274,1.06289647143906,1.16809149296079
39.2,3,1.11680999125923,1.06025486558987,1.16638319925696
39.4,3,1.11474924685384,1.0578521317508,1.16437624319972
39.6,3,1.11269618236079,1.05536333530026,1.16232425410545
39.8,3,1.1106598361157,1.05274058579588,1.16070225874157
40,3,1.10864850476771,1.04961187778972,1.15904933117745
0,4,0.945116160459339,0.922880818912106,0.963209701198401
0.2,4,0.945139968269777,0.922978739723789,0.963049519405816
0.4,4,0.945167011962734,0.923139634124101,0.96289519735281
0.6,4,0.945197616032172,0.923313669781812,0.962828007889343
0.8,4,0.945232127166642,0.923495928594843,0.962772800246039
1,4,0.945270914810414,0.923630222517028,0.962644022644038
1.2,4,0.945314371640932,0.923677259878697,0.962341874580774
1.4,4,0.945362913950865,0.923729256001413,0.962387059662179
1.6,4,0.945416981922628,0.923838838801619,0.962521055096956
1.8,4,0.945477039782929,0.923986915920762,0.962562935634172
2,4,0.945543575824681,0.924145524582287,0.962470772646463
2.2,4,0.945617102283487,0.924466826643975,0.962396414752259
2.4,4,0.945698155055914,0.924795684877396,0.962489492811142
2.6,4,0.945787293246906,0.925134164273846,0.962484672757201
2.8,4,0.945885098533968,0.925345415059305,0.962457864125223
3,4,0.945992174336201,0.925566506694983,0.962543863523402
3.2,4,0.946109144776907,0.92579786291404,0.962837843912661
3.4,4,0.946236653429276,0.926035342879851,0.96293651274638
3.6,4,0.946375361835719,0.926368671155823,0.963153118351804
3.8,4,0.946525947792608,0.926789074068109,0.963304400827967
4,4,0.946689103393662,0.927096244363676,0.96344540934995
4.2,4,0.946865532826843,0.927420042807377,0.963575654589957
4.4,4,0.947055949921565,0.92776118814545,0.963657119666245
4.6,4,0.947261075445069,0.928119072431231,0.963793006346279
4.8,4,0.947481634149169,0.92846679992926,0.963909122284517
5,4,0.947718351571061,0.928907750827473,0.964154456974876
5.2,4,0.947971950594568,0.92925396467806,0.964519768962223
5.4,4,0.948243147781081,0.929746599018586,0.964856278748019
5.6,4,0.948532649482372,0.930181526376706,0.965165711792963
5.8,4,0.948841147750602,0.930503566094333,0.965492226501866
6,4,0.949169316063938,0.930992757870373,0.965795973278301
6.2,4,0.949517804889409,0.931535170137158,0.966168263236208
6.4,4,0.949887237107756,0.932100043073004,0.966641298662791
6.6,4,0.950278203328149,0.93268785329718,0.967118448626246
6.8,4,0.950691257123602,0.933299049128374,0.96743769905359
7,4,0.951126910220748,0.933934046367992,0.967696986641697
7.2,4,0.951585627680233,0.934593223997857,0.968012109261421
7.4,4,0.9520678231063,0.935254731334669,0.968356296027111
7.6,4,0.952573853926163,0.935856212719508,0.968870280958709
7.8,4,0.953104016781384,0.936480449848007,0.969403917559554
8,4,0.953658543074702,0.937121371909448,0.969949353947465
8.2,4,0.954237594716481,0.937786747063495,0.970443278207743
8.4,4,0.954841260115222,0.938384585442253,0.970923061157574
8.6,4,0.95546955045629,0.939203187910328,0.971478756285577
8.8,4,0.956122396312144,0.940220055107122,0.972087341609318
9,4,0.956799644625944,0.941125711484079,0.972741075582853
9.2,4,0.957501056108412,0.941994743084423,0.973441504199795
9.4,4,0.958226303085192,0.942842087349121,0.97408028076469
9.6,4,0.958974967828808,0.94371926203461,0.974731272587569
9.8,4,0.959746541405574,0.944625590262894,0.975393520179136
10,4,0.960540423063569,0.94551703314399,0.976066027258527
10.2,4,0.961355920183038,0.946441769483965,0.976846519720956
10.4,4,0.962192248805426,0.947440667670804,0.97766866252911
10.6,4,0.963048534751724,0.948418538432727,0.978511579196633
10.8,4,0.963923815334961,0.94938201564326,0.979344042403294
11,4,0.964817041665644,0.950422342518866,0.980223825329913
11.2,4,0.965727081542775,0.95155597638149,0.980913567040986
11.4,4,0.966652722916842,0.952717368688406,0.98170855481983
11.6,4,0.967592677905059,0.953929639296653,0.982573091568677
11.8,4,0.968545587333108,0.955100169894294,0.983413923362358
12,4,0.969510025771925,0.956262272953512,0.984371315342846
12.2,4,0.970484507032698,0.957434861476046,0.985257796169415
12.4,4,0.971467490078293,0.958715576381613,0.986070478882825
12.6,4,0.972457385304996,0.959996512979873,0.986912681239487
12.8,4,0.97345256114467,0.961236782968165,0.987730278718434
13,4,0.974451350934375,0.962380768762959,0.988423299894057
13.2,4,0.97545205999822,0.963460603567327,0.989228867482179
13.4,4,0.976452972884686,0.964681782538636,0.989990834217582
13.6,4,0.977452360702036,0.966104998827377,0.990888290889387
13.8,4,0.978448488494574,0.967354727584966,0.991758625517925
14,4,0.979439622603575,0.968532731284916,0.992563156991191
14.2,4,0.980424037958561,0.969800232913688,0.99334025961312
14.4,4,0.981400025247229,0.971100149458636,0.994087824043717
14.6,4,0.982365897915739,0.972460751951538,0.994769325859537
14.8,4,0.983319998955106,0.973636269964225,0.995434905432222
15,4,0.98426070743403,0.974852016907115,0.996111307332642
15.2,4,0.985186444743631,0.976011393595873,0.996721851517501
15.4,4,0.98609568052496,0.977209745452022,0.997294774021527
15.6,4,0.986986938255875,0.978455359569457,0.997784382070514
15.8,4,0.98785880047966,0.979632168220285,0.998281161964548
16,4,0.988709913663544,0.980766773729973,0.998725581397627
16.2,4,0.989538992680913,0.981885763782675,0.999126398296713
16.4,4,0.990344824916365,0.98311349138707,0.999472083302959
16.6,4,0.991126273997692,0.984224041677461,0.999815688336682
16.8,4,0.991882283163344,0.985373823670557,1.00023562762034
17,4,0.992611878277746,0.986434822003185,1.00047941735032
17.2,4,0.99331417050996,0.987518501431818,1.00065195455708
17.4,4,0.993988358693584,0.988576481145121,1.00089183192209
17.6,4,0.994633731387331,0.98962658279771,1.001071074157
17.8,4,0.995249668656424,0.990663025875621,1.00120002976227
18,4,0.99583564359487,0.991667474457474,1.00134999262865
18.2,4,0.996391223607688,0.992652770425237,1.00142121466902
18.4,4,0.996916071470432,0.99361029952734,1.00141489892437
18.6,4,0.997409946180892,0.994497788856449,1.00140278143125
18.8,4,0.997872703614723,0.995392771268582,1.00134969517499
19,4,0.998304296993094,0.996242219490783,1.0012120160656
19.2,4,0.998704777166316,0.997057538512017,1.00102747802658
19.4,4,0.999074292713017,0.997843187568378,1.00081772645984
19.6,4,0.999413089849816,0.998597683135895,1.00058608420714
19.8,4,0.999721512141852,0.999316850351996,1.00031656307116
20,4,1,1,1
20.2,4,1.00024908994643,0.999644613250047,1.00064730902038
20.4,4,1.00046941362629,0.999247565130088,1.00126407882906
20.6,4,1.00066169654013,0.998806547031873,1.00186166382076
20.8,4,1.00082675646902,0.99832379482621,1.00243367159077
21,4,1.00096550156263,0.997821958633942,1.00296254634355
21.2,4,1.00107892805963,0.997284359790274,1.00343807318171
21.4,4,1.00116811760975,0.99670765592415,1.00393333591602
21.6,4,1.00123423416821,0.99612868442841,1.00436023140632
21.8,4,1.00127852043506,0.995476678077065,1.00479551993057
22,4,1.00130229381547,0.994814242230449,1.00518579775233
22.2,4,1.00130694188107,0.994075991765275,1.00551601326846
22.4,4,1.00129391731779,0.993326107017515,1.00583343514055
22.6,4,1.00126473235185,0.992546480187057,1.00617141561047
22.8,4,1.00122095265234,0.99180127472673,1.00646357606338
23,4,1.00116419071685,0.991014370059724,1.00674578122284
23.2,4,1.00109609875451,0.990168272593344,1.0070106326958
23.4,4,1.00101836108992,0.989364923192867,1.00726205083017
23.6,4,1.00093268612,0.988546226168885,1.00747424841694
23.8,4,1.00084079786501,0.987730797989412,1.00767911284938
24,4,1.00074442716396,0.986887989058862,1.00793893219742
24.2,4,1.00064530257311,0.986113258494453,1.00813549251747
24.4,4,1.00054514103442,0.985364099430966,1.00827071050947
24.6,4,1.00044563838834,0.984556958591085,1.00847618222012
24.8,4,1.00034845981188,0.983814019535637,1.00873154956763
25,4,1.00025523026871,0.983035184211951,1.00904226930522
25.2,4,1.0001675250621,0.982397544586204,1.00921874078254
25.4,4,1.00008686058538,0.98168427285504,1.00939892910812
25.6,4,1.00001468536581,0.98111257635206,1.00962324370074
25.8,4,0.999952371498484,0.980640139863475,1.00975315011205
26,4,0.999901206565837,0.980230701405496,1.00994192473183
26.2,4,0.999862386135303,0.979569398913054,1.01028052949082
26.4,4,0.999837006923908,0.979109558488725,1.01052091827053
26.6,4,0.999826060712536,0.978500604002213,1.01080468171119
26.8,4,0.999830429085614,0.978175544767427,1.0111479626479
27,4,0.999850879063357,0.97789924650817,1.01155376456228
27.2,4,0.99988805968388,0.977782857222698,1.0117959416441
27.4,4,0.999942499581585,0.977645820231777,1.01202204021965
27.6,4,1.00001460559625,0.977535369808895,1.01240440236882
27.8,4,1.00010466243455,0.977436597831056,1.01264646638383
28,4,1.00021283339243,0.977381320238621,1.01335153462283
28.2,4,1.00033916213293,0.977319157309245,1.01394434985624
28.4,4,1.00048357550029,0.97723362942723,1.01453469500859
28.6,4,1.00064588733735,0.977205402087091,1.01543617845651
28.8,4,1.00082580325943,0.977079263205492,1.0161221524651
29,4,1.00102292632543,0.977118183067976,1.01708299132805
29.2,4,1.0012367635341,0.977459299703465,1.01775520124416
29.4,4,1.00146673306252,0.977668813782422,1.01880782694737
29.6,4,1.00171217215374,0.977868486216916,1.01973566493273
29.8,4,1.0019723455518,0.977973000584139,1.02047292029313
30,4,1.00224645437538,0.978178138300179,1.02122176130848
30.2,4,1.00253364531577,0.97819575290485,1.02255151314551
30.4,4,1.00283302004158,0.978464525186116,1.02409117509123
30.6,4,1.00314364469057,0.979039161323877,1.02538265781819
30.8,4,1.00346455932958,0.979053569892991,1.02633071125095
31,4,1.0037947872656,0.979024727560809,1.02747364108633
31.2,4,1.00413334409519,0.978998836946388,1.02882479213007
31.4,4,1.00447924638531,0.979162805619255,1.03035488133736
31.6,4,1.00483151988673,0.979359258783185,1.03180929487715
31.8,4,1.00518920718985,0.979616406303917,1.03319774529914
32,4,1.00555137474405,0.979636144520127,1.03443070977277
32.2,4,1.00591711917332,0.979927048553472,1.03558456770375
32.4,4,1.00628557283365,0.980187734735041,1.03657627366825
32.6,4,1.00665590857151,0.980437959338697,1.03775427769463
32.8,4,1.00702734365646,0.980965690681093,1.03901782353491
33,4,1.00739914287531,0.981033314815171,1.04003275175391
33.2,4,1.00777062078901,0.981048250315227,1.04167322315453
33.4,4,1.00814114316731,0.981288141495573,1.04311775911204
33.6,4,1.00851012762907,0.981630498306533,1.04457882850167
33.8,4,1.00887704352806,0.98199748238694,1.04570145138536
34,4,1.00924141113529,0.982280162960758,1.04695368759876
34.2,4,1.00960280017826,0.982247997620273,1.04828223862165
34.4,4,1.00996082780578,0.982513215151596,1.05004707212831
34.6,4,1.01031515605356,0.982681024148146,1.05170808395273
34.8,4,1.01066548889067,0.982869210694494,1.05314724099374
35,4,1.01101156893005,0.98262216860387,1.0543198685137
35.2,4,1.01135317388768,0.982497799962179,1.05541090580988
35.4,4,1.01169011287489,0.982747530186229,1.05659761098745
35.6,4,1.01202222260619,0.983060658162628,1.05798235817208
35.8,4,1.01234936360181,0.983523618333061,1.05905965992757
36,4,1.01267141645912,0.983804188779481,1.0600079039431
36.2,4,1.01298827826141,0.983827560170727,1.06099903651327
36.4,4,1.01329985918499,0.983738203513642,1.06201704951311
36.6,4,1.0136060793582,0.983730421694128,1.0632666727251
36.8,4,1.01390686601692,0.983978059205028,1.06424023931416
37,4,1.01420215099248,0.984164154707772,1.06519449391304
37.2,4,1.01449186855846,0.984411306905082,1.06597679964639
37.4,4,1.01477595365391,0.984327874301348,1.06656012950509
37.6,4,1.01505434049114,0.984153737908684,1.06758891320735
37.8,4,1.01532696154798,0.984200257609089,1.06865033991769
38,4,1.01559374693583,0.98424852772481,1.06955284002652
38.2,4,1.01585462412775,0.984134671922058,1.07055837352169
38.4,4,1.01610951802389,0.98392456422847,1.07152991817875
38.6,4,1.01635835132579,0.983828383899031,1.07258171789162
38.8,4,1.01660104518659,0.983709066175036,1.07364895932443
39,4,1.01683752009978,0.983551637383269,1.07477513828631
39.2,4,1.01706769698693,0.983724185499316,1.07606552221623
39.4,4,1.01729149844274,0.98388565169639,1.07731844105486
39.6,4,1.01750885009494,0.983865921486032,1.07854617261751
39.8,4,1.01771968203718,0.983814574044717,1.07926986080694
40,4,1.01792393029343,0.983683434172603,1.07974967006288
0,5,0.94494821909808,0.927875765723789,0.963714999122902
0.2,5,0.944966258832975,0.927924619426214,0.963704754930083
0.4,5,0.944987147988108,0.9279448281916,0.96387291438896
0.6,5,0.94501119388858,0.928028117010809,0.963872851836958
0.8,5,0.945038725939628,0.928164722602267,0.96370598138714
1,5,0.945070096234911,0.928305122596278,0.963579156074492
1.2,5,0.945105680083985,0.928435098277423,0.963458929433939
1.4,5,0.945145876447343,0.928512949359976,0.96343724014795
1.6,5,0.945191108266962,0.928717953333907,0.963366270760925
1.8,5,0.945241822680057,0.928920748581584,0.963264818279384
2,5,0.94529849110352,0.92903546509799,0.963230712929026
2.2,5,0.945361609176426,0.929203943984841,0.963204023572511
2.4,5,0.945431696548025,0.92938363922051,0.963181097753768
2.6,5,0.945509296498781,0.929627667897504,0.963093333251705
2.8,5,0.945594975382336,0.929949747108046,0.962972518525431
3,5,0.94568932187675,0.93007421793529,0.963097453600097
3.2,5,0.945792946033987,0.930239732299793,0.963278309577547
3.4,5,0.945906478117459,0.930426367810841,0.963372827238376
3.6,5,0.94603056721847,0.930619249951389,0.963439465994908
3.8,5,0.946165879643585,0.930860279520829,0.963424198731296
4,5,0.946313097066433,0.93115116583282,0.963601660288105
4.2,5,0.946472914439046,0.931437953235408,0.963665056360163
4.4,5,0.946646037659714,0.931676189384273,0.963739681819403
4.6,5,0.946833180996385,0.931918168718793,0.963848656043005
4.8,5,0.947035064266882,0.932196780624231,0.9640754626681
5,5,0.947252409779654,0.932511901718078,0.964383588736121
5.2,5,0.947485939041384,0.932851561447238,0.964764648375858
5.4,5,0.94773636924051,0.933216629631043,0.965241869467721
5.6,5,0.948004409518601,0.933640228969296,0.965426555215106
5.8,5,0.948290757044488,0.933982915787101,0.965478668002654
6,5,0.948596092909042,0.934322543570103,0.965675838571536
6.2,5,0.948921077861564,0.934710180134738,0.966004351996091
6.4,5,0.949266347911714,0.935233197442162,0.966265100509532
6.6,5,0.949632509823862,0.935784814629297,0.966456724157561
6.8,5,0.950020136533579,0.93636405712501,0.966745490158021
7,5,0.950429762518597,0.936929176627865,0.967061679675977
7.2,5,0.950861879159038,0.937251206312605,0.967480429524484
7.4,5,0.951316930123861,0.937658109230517,0.967698433597401
7.6,5,0.951795306822326,0.938311614726665,0.967948653622416
7.8,5,0.952297343960776,0.938961593029617,0.968397795128132
8,5,0.952823315246095,0.939475671495239,0.968859368193843
8.2,5,0.953373429277862,0.940063399749706,0.96933347201326
8.4,5,0.953947825671338,0.94078562339651,0.969948626589208
8.6,5,0.954546571453085,0.941474580022066,0.970472313476403
8.8,5,0.955169657770105,0.94225182540585,0.970942000658558
9,5,0.955816996951948,0.943056904575979,0.971595818731601
9.2,5,0.95648841996322,0.943731508257105,0.972211701701265
9.4,5,0.957183674281379,0.944469725934103,0.972792256215589
9.6,5,0.95790242223162,0.945260768655629,0.973481111731606
9.8,5,0.958644239806991,0.946119471603891,0.973921863251972
10,5,0.959408615997847,0.947003116017488,0.974533266690737
10.2,5,0.960194952650134,0.947935645485397,0.975204239541986
10.4,5,0.961002564867116,0.948831747194163,0.976010769362038
10.6,5,0.961830681963849,0.949831218012844,0.976702735839453
10.8,5,0.962678448978182,0.95074179334913,0.976967731445793
11,5,0.963544928736365,0.951747697319335,0.977795026138936
11.2,5,0.9644291044655,0.95290703974672,0.978527984411321
11.4,5,0.965329882939233,0.95394224187895,0.979240627872702
11.6,5,0.966246098137351,0.954828720188414,0.97995003449722
11.8,5,0.967176515394324,0.956045087616824,0.980897148555496
12,5,0.968119836006524,0.957177881043176,0.981748709012204
12.2,5,0.969074702262867,0.958350749489528,0.982587242950326
12.4,5,0.97003970285911,0.959525399178724,0.983469414351176
12.6,5,0.97101337865199,0.960474201600217,0.984311642102248
12.8,5,0.971994228706024,0.961756208432048,0.985100819159982
13,5,0.972980716582992,0.962988105533696,0.985929676822835
13.2,5,0.97397127682212,0.964167107022389,0.986872197697445
13.4,5,0.974964321557675,0.965361734442958,0.987847576905944
13.6,5,0.975958247220192,0.966547313098965,0.988722818863053
13.8,5,0.976951441267808,0.967754160413107,0.989497331495528
14,5,0.977942288895287,0.968919466224431,0.990388592714397
14.2,5,0.978929179670097,0.970101861458749,0.99130218991161
14.4,5,0.979910514047491,0.971329632145257,0.992096908726622
14.6,5,0.98088470971974,0.972555595638037,0.992978872190279
14.8,5,0.981850207758493,0.973728650778256,0.99361228205437
15,5,0.982805478513588,0.97491541391598,0.994042051848171
15.2,5,0.98374902723639,0.976066531223454,0.994446165595909
15.4,5,0.984679399400818,0.977172695340427,0.995069936433469
15.6,5,0.985595185700551,0.978361489427642,0.995628061849413
15.8,5,0.986495026706238,0.979514542940194,0.996157523281954
16,5,0.987377617171972,0.980665658949369,0.996738071154085
16.2,5,0.988241709985446,0.981821361834726,0.997218484458242
16.4,5,0.98908611976123,0.982931176746933,0.997475437675879
16.6,5,0.989909726081177,0.98403732801519,0.997832883848903
16.8,5,0.990711476390123,0.985127380248012,0.998162332798895
17,5,0.991490388558607,0.986192344748874,0.998567168911494
17.2,5,0.992245553127328,0.987284779494788,0.998970989656434
17.4,5,0.992976135250302,0.988286028098047,0.99929731874236
17.6,5,0.993681376355243,0.989314204526328,0.999576983381166
17.8,5,0.994360595540496,0.990368892347632,0.999843820176023
18,5,0.995013190727889,0.99139818530542,1.00009949557442
18.2,5,0.9956386395902,0.992398920203945,1.00027765411989
18.4,5,0.996236500270538,0.99337174660907,1.00037706529872
18.6,5,0.996806411908934,0.994320087577607,1.00043359567436
18.8,5,0.997348094988803,0.995227144447784,1.00044961054343
19,5,0.997861351512888,0.996082634007292,1.00046569956283
19.2,5,0.998346065014795,0.99692557584409,1.00045409305132
19.4,5,0.99880220040852,0.997757770549661,1.00037367935351
19.6,5,0.999229803674427,0.998545133023691,1.00026650601291
19.8,5,0.999629001376273,0.999288143550119,1.00013635710623
20,5,1,1,1
20.2,5,1.00034308510149,0.999835461827058,1.00067809404149
20.4,5,1.00065862024723,0.999649474845525,1.00132701262396
20.6,5,1.00094704572903,0.999427219229079,1.00194095241334
20.8,5,1.00120887703199,0.999164147370934,1.00252219301629
21,5,1.00144470303307,0.998839780013747,1.00306185651546
21.2,5,1.00165518390741,0.998501528305196,1.00356402700406
21.4,5,1.0018410487191,0.998149595646344,1.004028318347
21.6,5,1.00200309267466,0.997845032848728,1.00447290974099
21.8,5,1.00214217401895,0.997516167098337,1.00485739993468
22,5,1.00225921055629,0.997045927284131,1.00520746992914
22.2,5,1.00235517578319,0.996646723516971,1.0055986437761
22.4,5,1.00243109462351,0.996207131526491,1.0059601249359
22.6,5,1.00248803876239,0.995725643161751,1.00629086505555
22.8,5,1.00252712158108,0.995212790154427,1.00661462087264
23,5,1.00254949270159,0.994739374967109,1.00690537349452
23.2,5,1.00255633215687,0.994139776396312,1.00711184681855
23.4,5,1.00254884420996,0.993592849756093,1.00739646186116
23.6,5,1.0025282508529,0.992966676944674,1.00764770988928
23.8,5,1.00249578502378,0.99238711883093,1.00779392112993
24,5,1.00245268358806,0.991770183756326,1.00795008603599
24.2,5,1.002400180137,0.991168042422071,1.00809238877354
24.4,5,1.00233949766323,0.990536939457569,1.00823357749222
24.6,5,1.00227184117919,0.989986331552859,1.00836354671602
24.8,5,1.00219839034953,0.989558299649236,1.00845566532176
25,5,1.00212029221302,0.989069310284901,1.00857752404204
25.2,5,1.00203865407269,0.988610269014692,1.00872521652393
25.4,5,1.00195453663489,0.988159139992127,1.0088521863942
25.6,5,1.00186894747908,0.987692340000046,1.00895538614832
25.8,5,1.00178283493932,0.98712875869388,1.00904733848488
26,5,1.00169708247671,0.986662109385407,1.00917670219343
26.2,5,1.00161250361861,0.986163689453162,1.00923467348042
26.4,5,1.00152983753577,0.985819166487311,1.00927587614325
26.6,5,1.00144974532231,0.985540510313665,1.00930424704736
26.8,5,1.00137280703608,0.985055276258381,1.00941463479034
27,5,1.00129951954828,0.984639386648461,1.00953689939682
27.2,5,1.00123029524135,0.984303771613233,1.00963700237634
27.4,5,1.00116546158338,0.983824456545881,1.00969307915024
27.6,5,1.00110526159563,0.983363270783874,1.00971431917951
27.8,5,1.00104985521767,0.982921415653622,1.00976315504821
28,5,1.00099932156162,0.982440859455719,1.00977250186913
28.2,5,1.00095366203436,0.982053150839987,1.00985939890608
28.4,5,1.00091280429349,0.981825090592066,1.00994538418034
28.6,5,1.00087660699014,0.981673560715118,1.01005629711227
28.8,5,1.00084486523948,0.9814008687145,1.01015567276442
29,5,1.00081731674838,0.981118922489844,1.01022350569846
29.2,5,1.00079364851882,0.980887950648585,1.0102983383231
29.4,5,1.00077350403656,0.980662578078503,1.01036926478674
29.6,5,1.00075649084608,0.980445270543004,1.01043420590261
29.8,5,1.00074218840654,0.980338904768435,1.01049037251503
30,5,1.00073015611847,0.980241021735974,1.01055806231989
30.2,5,1.00071994140788,0.98015065736317,1.01070316791715
30.4,5,1.00071108775316,0.980018479347099,1.01091393053941
30.6,5,1.00070314254102,0.979698483085002,1.0110891916831
30.8,5,1.00069566464042,0.979770808862408,1.01121661249783
31,5,1.00068823158784,0.979620037995047,1.01131623426307
31.2,5,1.00068044628417,0.979638729026167,1.0114390586323
31.4,5,1.00067194311126,0.979593215973816,1.01149739446679
31.6,5,1.00066239338644,0.979529761370647,1.011577878222
31.8,5,1.00065151008431,0.979475200738765,1.01169055816978
32,5,1.00063905176782,0.979543264651174,1.01182647971453
32.2,5,1.00062482568393,0.979063961172414,1.01189885981812
32.4,5,1.00060868999362,0.978465256309902,1.01193356108734
32.6,5,1.00059055512022,0.978221711255281,1.01206331203381
32.8,5,1.00057038421518,0.977766730417905,1.01207633184495
33,5,1.00054819275479,0.977549792446798,1.01218281419365
33.2,5,1.00052404729569,0.977260754763731,1.01225834109675
33.4,5,1.0004980634302,0.976820507718426,1.01236206265541
33.6,5,1.00047040299544,0.976391536076286,1.01241880997706
33.8,5,1.00044127060115,0.976155144200522,1.01247109259815
34,5,1.00041090955115,0.975812954532552,1.01253279867177
34.2,5,1.00037959724192,0.975541531847461,1.01257237577346
34.4,5,1.00034764012801,0.975168419646003,1.01266221342938
34.6,5,1.00031536834933,0.974798238769973,1.01257091280319
34.8,5,1.00028313011785,0.974534574832512,1.01276577077808
35,5,1.00025128596295,0.974413341544549,1.01296247300971
35.2,5,1.00022020293339,0.974275966576166,1.01307547848479
35.4,5,1.00019024885187,0.97429865258674,1.01324333822266
35.6,5,1.00016178671376,0.974336316163944,1.0133973527978
35.8,5,1.00013516931607,0.974225945022416,1.01347015169001
36,5,1.00011073419567,0.974099169547825,1.01355319058263
36.2,5,1.00008879894755,0.973948172068704,1.01370880504967
36.4,5,1.00006965698488,0.973730839466832,1.01380036237711
36.6,5,1.00005357379247,0.97330083325039,1.01387677461597
36.8,5,1.00004078371496,0.972868073300941,1.01388059171027
37,5,1.00003148731036,0.972863275260361,1.01391550272733
37.2,5,1.00002584928824,0.972855051632468,1.01407644128701
37.4,5,1.00002399704186,0.972699078586398,1.01412719687839
37.6,5,1.00002601977237,0.972619938044668,1.01422247587307
37.8,5,1.00003196819379,0.972354856598377,1.01447717844185
38,5,1.00004185479808,0.972098033444711,1.01483836053916
38.2,5,1.00005565465114,0.971800924676528,1.01496335791423
38.4,5,1.00007330668325,0.971718018075372,1.0151735086465
38.6,5,1.00009471543092,0.97168975777658,1.01536530379797
38.8,5,1.00011975318189,0.971598969989782,1.01577301698659
39,5,1.00014826247059,0.971563048201009,1.01593468421471
39.2,5,1.00018005886885,0.971547096137427,1.01615531489275
39.4,5,1.00021493401423,0.971458009662444,1.01636402549558
39.6,5,1.00025265881799,0.971383010747062,1.01681911162068
39.8,5,1.00029298679499,0.971320607402347,1.0173983282788
40,5,1.00033565745905,0.971147878594693,1.0178580918303
0,6,0.947019779432709,0.929144214427194,0.979440807611049
0.2,6,0.947033950624004,0.92914505818448,0.979367997731012
0.4,6,0.947050655677435,0.929227299101969,0.979525331878168
0.6,6,0.947070180034325,0.929289014557066,0.979765489662865
0.8,6,0.947092829989087,0.929345420797504,0.980011311046849
1,6,0.947118933256347,0.92945924830667,0.980260642900094
1.2,6,0.947148839460327,0.929577195827512,0.980512660844354
1.4,6,0.947182920535768,0.929758492058774,0.980727416688445
1.6,6,0.947221571029371,0.929949224000647,0.980873846047828
1.8,6,0.947265208290562,0.930107539195218,0.981023083543593
2,6,0.947314272540289,0.930170291115489,0.98110959081769
2.2,6,0.947369226806516,0.930151819293127,0.981200405652628
2.4,6,0.947430556715247,0.930131253865328,0.98129556698045
2.6,6,0.947498770126073,0.930164387284544,0.9815036919042
2.8,6,0.947574396601668,0.93026685553974,0.981652827880356
3,6,0.947657986701122,0.930384786304946,0.981640526919559
3.2,6,0.947750111087687,0.930464248408586,0.98171995804524
3.4,6,0.947851359442344,0.930602569986222,0.981836931165913
3.6,6,0.947962339175582,0.930800594889506,0.981958175817778
3.8,6,0.948083673930989,0.931073512601845,0.982083625382353
4,6,0.948216001875572,0.931396988193165,0.982213197885828
4.2,6,0.948359973773291,0.931720954829877,0.98243537571765
4.4,6,0.948516250839993,0.931919084234396,0.982658490333544
4.6,6,0.948685502379815,0.932039158919701,0.982697911326345
4.8,6,0.948868403205169,0.932230876202459,0.9827705685237
5,6,0.949065630844623,0.932480488491478,0.982919027656546
5.2,6,0.949277862545323,0.932790877256409,0.982920672394923
5.4,6,0.949505772079023,0.933177265209025,0.983191882137256
5.6,6,0.949750026363333,0.933584606776787,0.983108025892736
5.8,6,0.950011281912379,0.933962621128242,0.982907337794744
6,6,0.950290181133662,0.934358587282994,0.983154617208429
6.2,6,0.95058734849054,0.934785094190807,0.983290279218163
6.4,6,0.950903386552287,0.935202687095428,0.983358495943076
6.6,6,0.951238871956166,0.935738700611995,0.983351071870887
6.8,6,0.951594351308322,0.936226137603886,0.983551593549485
7,6,0.951970337052423,0.936708450405333,0.983622346371461
7.2,6,0.952367303337008,0.937151110360433,0.983539171826623
7.4,6,0.952785681914148,0.937618755508139,0.983342367535966
7.6,6,0.953225858103476,0.938229041647232,0.983149004076398
7.8,6,0.953688166856685,0.938867819255139,0.983247694261424
8,6,0.954172888958323,0.939452498712568,0.983376696485121
8.2,6,0.954680247398993,0.940063399749706,0.983206921208008
8.4,6,0.955210403956925,0.940819012190392,0.983245983308488
8.6,6,0.955763456023342,0.941607699567378,0.983060509890306
8.8,6,0.956339433705945,0.94238102897301,0.982986406978647
9,6,0.956938297243363,0.943175043494288,0.983083700514533
9.2,6,0.957559934761394,0.943789106035274,0.98312052523703
9.4,6,0.958204160399436,0.944527369801944,0.982890670628455
9.6,6,0.958870712832576,0.94538511034935,0.98301168993065
9.8,6,0.959559254211538,0.946272590785891,0.982708727793383
10,6,0.960269369538945,0.947263231533142,0.982453007849207
10.2,6,0.961000566496339,0.948115147234493,0.982169680740876
10.4,6,0.961752275732084,0.949031400833165,0.982172909904444
10.6,6,0.962523851615698,0.949909203859606,0.982298474461223
10.8,6,0.96331457345945,0.95087376707913,0.982416621942325
11,6,0.964123647203258,0.951899875729641,0.982648165261791
11.2,6,0.964950207554054,0.952904854320671,0.98322405108509
11.4,6,0.965793320566031,0.95393467420262,0.983659880811247
11.6,6,0.966651986643536,0.954955590853487,0.983946304854469
11.8,6,0.967525143943933,0.955995941979434,0.984234190834286
12,6,0.968411672153637,0.957148548333303,0.984821525105677
12.2,6,0.969310396606739,0.958232654568326,0.985468356359976
12.4,6,0.970220092712312,0.959331881530028,0.985959909458425
12.6,6,0.97113949065363,0.960406833631935,0.986378300432797
12.8,6,0.972067280320252,0.961520584216645,0.986623605161641
13,6,0.973002116432219,0.962662710748806,0.986863770196996
13.2,6,0.973942623814499,0.963892776775194,0.9874340323719
13.4,6,0.974887402779439,0.964955086832213,0.987924571676545
13.6,6,0.975835034575123,0.966020348075966,0.988540501244858
13.8,6,0.976784086858453,0.966998948486817,0.989141072464361
14,6,0.977733119153206,0.968213891376429,0.989725343069517
14.2,6,0.978680688255412,0.969472946704083,0.990293225138261
14.4,6,0.979625353550982,0.970681312251396,0.990842568789217
14.6,6,0.980565682213639,0.971933038910939,0.991273110042005
14.8,6,0.981500254254669,0.973078050749292,0.991551573303261
15,6,0.982427667399867,0.974252054929873,0.9917914973237
15.2,6,0.983346541773097,0.975465757028521,0.992214830628858
15.4,6,0.984255524370135,0.976629071559045,0.992751498506019
15.6,6,0.985153293310692,0.977791150583292,0.993239364903201
15.8,6,0.986038561860741,0.978874364118865,0.993701662811044
16,6,0.986910082221334,0.979876429651474,0.994197387849115
16.2,6,0.987766649083864,0.980976262481074,0.994626141560238
16.4,6,0.988607102955243,0.982015032484926,0.995164234996993
16.6,6,0.989430333259445,0.983112499178552,0.995622244492958
16.8,6,0.99023528122445,0.984174849858065,0.995995165711595
17,6,0.991020942565584,0.985295934477004,0.996285501907205
17.2,6,0.991786369977624,0.986316455810406,0.996586396503391
17.4,6,0.992530675448798,0.987478515776819,0.997026526626951
17.6,6,0.993253032409871,0.988504182640405,0.997492529748
17.8,6,0.993952677730965,0.989506422055134,0.997828216430272
18,6,0.994628913577567,0.990492562657127,0.998144086495943
18.2,6,0.99528110913536,0.991464790915902,0.998366277604157
18.4,6,0.99590870221121,0.992432544519697,0.998640358538445
18.6,6,0.996511200714791,0.993358058693922,0.998894032927077
18.8,6,0.997088184022147,0.994331580819765,0.999124196698462
19,6,0.997639304218921,0.995318141539894,0.999348934933399
19.2,6,0.99816428721732,0.996289932870047,0.999577815297792
19.4,6,0.998662933737002,0.99724603972089,0.999732465120987
19.6,6,0.999135120136339,0.998184436070047,0.999841778964448
19.8,6,0.99958079907682,0.999103067610317,0.999941356397206
20,6,1,1,1
20.2,6,1.0003928293934,1.00003200740993,1.00087524631976
20.4,6,1.00075947081921,1.00003173424984,1.00172790785248
20.6,6,1.00110018467781,0.999998756642028,1.00255603184431
20.8,6,1.00141530767677,0.999922053988141,1.0033578617351
21,6,1.00170525197558,0.999792299547324,1.00413184219188
21.2,6,1.00197050397682,0.99966804714907,1.00487662195519
21.4,6,1.00221162273528,0.999508960800493,1.00558883797398
21.6,6,1.0024292379593,0.999341353076992,1.006269939442
21.8,6,1.00262404758095,0.999082578733734,1.00691984496843
22,6,1.00279681487586,0.998872347806779,1.00753839648415
22.2,6,1.0029483651184,0.998672345147556,1.00812561912126
22.4,6,1.00307958176297,0.998438716366456,1.00868171606325
22.6,6,1.00319140214882,0.998241799146655,1.00919553107242
22.8,6,1.00328481273251,0.997997177498193,1.00967577736351
23,6,1.00336084385932,0.997796030863134,1.01012426928563
23.2,6,1.00342056409288,0.997458567040574,1.01054190713143
23.4,6,1.00346507413023,0.997195888745874,1.01092975186683
23.6,6,1.00349550033735,0.996937126562787,1.01126675122948
23.8,6,1.00351298794839,0.996573997379224,1.01155905722452
24,6,1.00351869397948,0.996164889972667,1.01181823966714
24.2,6,1.00351377991544,0.995801285910726,1.01204530189061
24.4,6,1.00349940423413,0.995405535206928,1.01224132724737
24.6,6,1.00347671483974,0.995010364796053,1.01240885898454
24.8,6,1.00344684148109,0.994616146363409,1.01256731645595
25,6,1.00341088823533,0.994274771258138,1.0127567994995
25.2,6,1.0033699261404,0.994008748750604,1.01291487355974
25.4,6,1.0033249860616,0.993672081407944,1.01297943952681
25.6,6,1.00327705187787,0.993423437340137,1.01309000449842
25.8,6,1.00322705407264,0.993200873652395,1.01319585227507
26,6,1.00317586381174,0.99298317459028,1.01320282460145
26.2,6,1.00312428758724,0.992767430910654,1.01328617495015
26.4,6,1.00307306250079,0.992552171367546,1.01338295886581
26.6,6,1.00302285225354,0.992396643287007,1.01349312802513
26.8,6,1.00297424390201,0.992208041494075,1.0137024541999
27,6,1.00292774543009,0.991931637321201,1.01397643826716
27.2,6,1.00288378417716,0.991645877054974,1.01402072271623
27.4,6,1.00284270615139,0.991418060517797,1.01406133487458
27.6,6,1.0028047762452,0.991182749343266,1.01421340191445
27.8,6,1.00277017935739,0.99096831275394,1.01433071982407
28,6,1.00273902241355,0.990680952465311,1.01436024690281
28.2,6,1.00271133726327,0.990578742593416,1.0145870499295
28.4,6,1.00268708441951,0.990317068210249,1.01472813889997
28.6,6,1.00266615759271,0.990065668728325,1.01471136072725
28.8,6,1.00264838896003,0.989859887081199,1.01487415181217
29,6,1.00263355509827,0.989546095465963,1.01501468001437
29.2,6,1.00262138349867,0.989234499885795,1.0150606251935
29.4,6,1.00261155957238,0.988929300722773,1.01495657405798
29.6,6,1.00260373404688,0.988731429089843,1.01486172774224
29.8,6,1.00259753064788,0.988568499277441,1.01487445252652
30,6,1.00259255395558,0.988366002738258,1.01477237548591
30.2,6,1.00258839732188,0.988169461966444,1.01473244506056
30.4,6,1.00258465073357,0.987852682617687,1.01473498515313
30.6,6,1.00258090850755,0.987464605350057,1.01473971715524
30.8,6,1.00257677670697,0.98732314188489,1.0147544331636
31,6,1.00257188017189,0.987120994758373,1.01477986038673
31.2,6,1.00256586906455,0.987066297584885,1.01493664863972
31.4,6,1.00255842483793,0.987052351325727,1.01495770262877
31.6,6,1.00254926554594,0.986820686762633,1.0150928847701
31.8,6,1.00253815042513,0.986587921976561,1.01503012734844
32,6,1.00252488369041,0.986431475422035,1.01505385456407
32.2,6,1.00250931750049,0.986301347634402,1.01519060769116
32.4,6,1.00249135406344,0.986047872755184,1.0153601404071
32.6,6,1.00247094686687,0.985857394031914,1.01559170228812
32.8,6,1.00244810103247,0.985587677914836,1.01569958735115
33,6,1.00242287280888,0.985335114990725,1.01572320207401
33.2,6,1.00239536823124,0.985253998180569,1.01560329298739
33.4,6,1.00236574098909,0.985097619938766,1.01586931059763
33.6,6,1.00233418955671,0.984879813185709,1.01596775912935
33.8,6,1.00230095365146,0.98457806200303,1.01596515906406
34,6,1.00226631009512,0.984492022315907,1.01590389011245
34.2,6,1.00223056816196,0.984319058394442,1.01584393122078
34.4,6,1.00219406450345,0.98428713780319,1.01578156503353
34.6,6,1.00215715774453,0.984227207461436,1.01575791641584
34.8,6,1.00212022284908,0.984069328163474,1.0156114055579
35,6,1.00208364535349,0.983850648719341,1.01547772931929
35.2,6,1.00204781556624,0.983627500947534,1.01532376341096
35.4,6,1.00201312282908,0.983410387967073,1.01516254921529
35.6,6,1.00197994993099,0.983246398291424,1.01504737093973
35.8,6,1.0019486677606,0.983076077106432,1.01507228599534
36,6,1.00191963027558,0.982996127573945,1.01520694714409
36.2,6,1.00189316985921,0.982877491768267,1.0151637335257
36.4,6,1.00186959312526,0.982642868869643,1.01513999531672
36.6,6,1.0018491772223,0.982524187144691,1.01544999348767
36.8,6,1.00183216667807,0.982436206372856,1.01564664591635
37,6,1.00181877081367,0.982351944402627,1.01552151611273
37.2,6,1.00180916174665,0.982261346410629,1.01556971360142
37.4,6,1.00180347299114,0.982031171751352,1.01552257587508
37.6,6,1.00180179865286,0.981736288573853,1.01561993878656
37.8,6,1.00180419320688,0.981632366012994,1.01556074852568
38,6,1.00181067183687,0.981546143121286,1.01563539230187
38.2,6,1.00182121130621,0.981476880526173,1.01593386230255
38.4,6,1.00183575132368,0.981447865277694,1.01626686422884
38.6,6,1.00185419636034,0.981326063227398,1.01661487667726
38.8,6,1.00187641786879,0.981259887425435,1.01691598157878
39,6,1.00190225685168,0.981243973383032,1.01717868857636
39.2,6,1.00193152672385,0.981294758484326,1.01717096806804
39.4,6,1.00196401641,0.981432608851318,1.01729723664057
39.6,6,1.00199949361985,0.981626333643456,1.01744951183422
39.8,6,1.00203770824234,0.981599967655826,1.01777513659299
40,6,1.00207839580272,0.981499682573015,1.01796618547056
0,7,1.1023264443853,1.0183811082019,1.12936742683814
0.2,7,1.10228018877734,1.01838238810661,1.12918645539752
0.4,7,1.10222827786571,1.0183750575351,1.1289600104128
0.6,7,1.10217011273333,1.01835808162904,1.12856452356473
0.8,7,1.10210504522943,1.0183303839711,1.12829756512099
1,7,1.10203237584061,1.01829085098974,1.12814269637299
1.2,7,1.10195135171971,1.01823833701112,1.12801172969732
1.4,7,1.10186116491163,1.01817166995045,1.12787056426526
1.6,7,1.10176095081736,1.01808965762685,1.12774234626377
1.8,7,1.10164978693966,1.0179910946782,1.12760663919958
2,7,1.10152669195547,1.01787477004453,1.1274242051615
2.2,7,1.10139062516111,1.01773947498027,1.12710534504328
2.4,7,1.10124048633729,1.01759270786697,1.12689354686872
2.6,7,1.10107511608092,1.01756150783067,1.12658383332725
2.8,7,1.10089329665016,1.01758189691713,1.12619523943068
3,7,1.10069375336794,1.01740821494938,1.12584632065584
3.2,7,1.1004751566273,1.01707293178748,1.12553078908451
3.4,7,1.10023612453879,1.01672596995655,1.12513653154388
3.6,7,1.09997522625686,1.0164351745924,1.12475383651098
3.8,7,1.09969098601726,1.01611675063717,1.12431212109553
4,7,1.09938188791234,1.01592002381823,1.12378912974829
4.2,7,1.09904638142444,1.01576318233291,1.12332666630527
4.4,7,1.09868288773059,1.0155939140966,1.12289606769179
4.6,7,1.09828980678346,1.01557867955458,1.12225467064554
4.8,7,1.09786552516455,1.0155893640344,1.12162003237863
5,7,1.09740842469596,1.01559950867973,1.12104851086153
5.2,7,1.09691689178687,1.01560879349479,1.1205532247588
5.4,7,1.09638932747972,1.01542071974318,1.11997223637525
5.6,7,1.09582415815,1.01512937811808,1.11929123389404
5.8,7,1.09521984680194,1.01481727866248,1.11856345309221
6,7,1.09457490489084,1.0144658594346,1.11778044054699
6.2,7,1.09388790459097,1.01409924219547,1.11680689644955
6.4,7,1.09315749141706,1.01389171820954,1.11579259285322
6.6,7,1.09238239709649,1.01390816496126,1.11494861349612
6.8,7,1.09156145257917,1.01391955016333,1.11404977433116
7,7,1.09069360106321,1.01392546881885,1.11310507368051
7.2,7,1.08977791090641,1.01392552204957,1.11201630172945
7.4,7,1.08881358828716,1.01391931978669,1.11084561419153
7.6,7,1.08779998947318,1.01373936701284,1.10962701033501
7.8,7,1.08673663255343,1.01337782741824,1.10834635369967
8,7,1.08562320848722,1.0129948061428,1.10713964885868
8.2,7,1.08445959132487,1.01257259648949,1.10590220624341
8.4,7,1.08324584745778,1.01183340685168,1.10454269720033
8.6,7,1.08198224375992,1.01080604835432,1.10300795697066
8.8,7,1.0806692544907,1.01009800342212,1.10129645577116
9,7,1.0793075668382,1.01002656173585,1.09964511547472
9.2,7,1.07789808499317,1.00994430688367,1.09790459949589
9.4,7,1.07644193265812,1.00962454947339,1.09609632470989
9.6,7,1.07494045391073,1.0095181588149,1.09448636334815
9.8,7,1.07339521235811,1.00940264478285,1.09292101076517
10,7,1.07180798853669,1.00928582403426,1.09104452125766
10.2,7,1.07018077553224,1.00916771368484,1.08911326921443
10.4,7,1.06851577281476,1.00904831539371,1.08722956054622
10.6,7,1.06681537830399,1.00879366365021,1.08529489918069
10.8,7,1.06508217870236,1.00834533776416,1.0833472408145
11,7,1.06331893815321,1.00789169461535,1.08139536148911
11.2,7,1.06152858530251,1.00762645428686,1.07933166579545
11.4,7,1.05971419886188,1.00746251161456,1.07731538080046
11.6,7,1.05787899178924,1.00701584168118,1.07520849896315
11.8,7,1.05602629422053,1.00676529828676,1.07302067854871
12,7,1.05415953530083,1.00651022017814,1.07089129131998
12.2,7,1.05228222407711,1.00619674103209,1.0687333554477
12.4,7,1.05039792962556,1.00602091117441,1.06652047670416
12.6,7,1.04851026059561,1.00550210491345,1.06423963758711
12.8,7,1.04662284435922,1.0051587059419,1.06190462547542
13,7,1.04473930595799,1.00461525148399,1.05960677261496
13.2,7,1.0428632470424,1.00438641728064,1.05725338391726
13.4,7,1.0409982249964,1.00415359882458,1.05494850787795
13.6,7,1.03914773243772,1.00378409083795,1.05264301207489
13.8,7,1.03731517727841,1.00334934534855,1.05045630909284
14,7,1.03550386352292,1.00303877178443,1.04838336293886
14.2,7,1.03371697297116,1.00303428741261,1.04621874742003
14.4,7,1.03195754798313,1.00301989371189,1.04413262752526
14.6,7,1.03022847544852,1.00298875323355,1.04194024535826
14.8,7,1.02853247209071,1.00294477435582,1.03972815359742
15,7,1.02687207121951,1.00290052312689,1.03763037892737
15.2,7,1.02524961103072,1.00287207029457,1.03553831834121
15.4,7,1.02366722453383,1.00270151882806,1.03345422418238
15.6,7,1.02212683117225,1.00263189881048,1.03142535651877
15.8,7,1.02063013018298,1.00242651092535,1.02945673252523
16,7,1.01917859572506,1.00215906098158,1.02754649504577
16.2,7,1.01777347378933,1.00191023902572,1.0256476133106
16.4,7,1.01641578088472,1.00170385158523,1.02384310853126
16.6,7,1.01510630448012,1.00161827378646,1.02210627151392
16.8,7,1.01384560516494,1.00150688283023,1.02038254172312
17,7,1.01263402047653,1.00135509589229,1.01874659596545
17.2,7,1.01147167032807,1.00121560624438,1.01716062473762
17.4,7,1.01035846395755,1.00108709665504,1.01563149267879
17.6,7,1.00929410830584,1.00099370015449,1.01414941931264
17.8,7,1.00827811772078,1.00088192969379,1.01265041806048
18,7,1.00730982487371,1.00079197401722,1.01122353995835
18.2,7,1.00638839276641,1.00071203566002,1.0099331390103
18.4,7,1.00551282769807,1.0006050811064,1.00860554390428
18.6,7,1.00468199305575,1.00050301441926,1.0073301277453
18.8,7,1.00389462378652,1.00039148679122,1.00611339025226
19,7,1.00314934140529,1.00030403377569,1.00495714259286
19.2,7,1.00244466939014,1.00023091320654,1.00387907822873
19.4,7,1.00177904881532,1.00017578714397,1.00285103160672
19.6,7,1.00115085407252,1.00010670105768,1.00186048157747
19.8,7,1.00055840853221,1.00004276576325,1.00091270374808
20,7,1,1,1
20.2,7,0.999473895826664,0.999127312736542,0.999974262835917
20.4,7,0.998978357536557,0.99828164339492,0.999965453125913
20.6,7,0.998511654845342,0.9974798978924,0.999964611552648
20.8,7,0.99807207894633,0.996683770073633,0.99995807616412
21,7,0.997657954953738,0.995902769691203,0.999961525832556
21.2,7,0.997267653401488,0.995162202295644,0.999943092372847
21.4,7,0.996899600707473,0.994451143098742,0.999939060214686
21.6,7,0.996552288525393,0.99376269080404,0.999944403998697
21.8,7,0.996224281919319,0.993099032050697,0.999971039357414
22,7,0.995914226309773,0.992452918943933,1.00000710310609
22.2,7,0.995620853154392,0.991800020310375,1.00004825863291
22.4,7,0.995342984340803,0.991146683295686,1.00006413234036
22.6,7,0.995079535284204,0.990481175339617,1.00007009482896
22.8,7,0.994829516737023,0.989932098558179,1.00008522444271
23,7,0.99459203533282,0.98940292842162,1.00015166727172
23.2,7,0.994366292901076,0.988878413924935,1.00024507941719
23.4,7,0.994151584603568,0.988397147276421,1.00037513951172
23.6,7,0.993947295956376,0.987863582515606,1.00047870934388
23.8,7,0.993752898814177,0.98734326810735,1.00049284044731
24,7,0.993567946405057,0.986800378630807,1.0005259303718
24.2,7,0.993392067514529,0.986379297805108,1.00058643007181
24.4,7,0.993224959926661,0.985954305599914,1.00063826507422
24.6,7,0.993066383237947,0.985535637466093,1.00068745120233
24.8,7,0.992916151165877,0.985123899570921,1.00074822320716
25,7,0.992774123478755,0.984705086532641,1.00082521592004
25.2,7,0.99264019767632,0.984315600627927,1.00087659086995
25.4,7,0.992514300551915,0.983948307655922,1.00092788878519
25.6,7,0.992396379766438,0.983663005939231,1.00098197098336
25.8,7,0.992286395561951,0.983236908925835,1.00103731242703
26,7,0.992184312738782,0.982904753375015,1.00109386364181
26.2,7,0.992090093014154,0.982570790266486,1.00115155797741
26.4,7,0.992003687872936,0.982286896692888,1.00123555368764
26.6,7,0.991925032012158,0.982022306193916,1.00136291180828
26.8,7,0.99185403747048,0.981779743667099,1.00157210691891
27,7,0.991790588522134,0.981561965360329,1.00161328217385
27.2,7,0.991734537401981,0.981371279651903,1.00152130335748
27.4,7,0.991685700914565,0.981214041689535,1.00163362755152
27.6,7,0.991643857965454,0.981095963754833,1.00175366191062
27.8,7,0.991608748038112,0.980981885483588,1.00181663967274
28,7,0.991580070624103,0.980626372320267,1.00187955570321
28.2,7,0.991557485598974,0.980467956459699,1.00194229198319
28.4,7,0.991540614520826,0.980460396874215,1.00191719069625
28.6,7,0.991529042813697,0.980476805317482,1.00197570617859
28.8,7,0.991522322783599,0.980491680851326,1.0020339881624
29,7,0.99151997740171,0.980394103133435,1.0020940734641
29.2,7,0.991521504776976,0.980377807444392,1.00214060181457
29.4,7,0.991526383229441,0.980250712545001,1.00211979559705
29.6,7,0.99153407686627,0.9800286047199,1.00201347511269
29.8,7,0.991544041554713,0.979769661195068,1.00181708075081
30,7,0.991555731180412,0.97970745820002,1.00194515913072
30.2,7,0.991568604075573,0.97965653937277,1.00179753378197
30.4,7,0.991582129499605,0.979646314425621,1.00179763570842
30.6,7,0.991595794055093,0.97950058055609,1.00183799624845
30.8,7,0.991609107924185,0.97939383966225,1.00175768248042
31,7,0.991621610814786,0.979456839393306,1.00172631754404
31.2,7,0.991632877512234,0.979365095023895,1.00172019607147
31.4,7,0.99164252294018,0.979349463501372,1.00171048747547
31.6,7,0.991650206644163,0.979361117678122,1.00177363560943
31.8,7,0.99165563662265,0.979175863911402,1.00176237018777
32,7,0.991658572442775,0.979095975213331,1.00171773164952
32.2,7,0.991658827591565,0.979078108220278,1.00189993908421
32.4,7,0.991656271027704,0.978978667181478,1.00203710051728
32.6,7,0.991650827913594,0.979029838871999,1.00206896608255
32.8,7,0.991642479522383,0.978961963489571,1.00224093344635
33,7,0.991631262329386,0.978656493460908,1.00223553072339
33.2,7,0.991617266311644,0.978433653957738,1.0023219601007
33.4,7,0.991600632493047,0.978257147335753,1.0022284174654
33.6,7,0.991581549785089,0.978023697334055,1.00223332132434
33.8,7,0.991560251184868,0.977880477097235,1.00226450251107
34,7,0.991537009401975,0.977810378051112,1.00228674322965
34.2,7,0.991512131994528,0.977737179828779,1.00229554138832
34.4,7,0.991485956101352,0.977711775645704,1.00231085823945
34.6,7,0.991458842862392,0.977511394330047,1.00227503635542
34.8,7,0.991431171622609,0.977302395240473,1.00235402543137
35,7,0.991403334015917,0.977087148260222,1.00249959739527
35.2,7,0.991375728025222,0.976974134939323,1.0024869036136
35.4,7,0.991348752112321,0.976920953178084,1.00253352213427
35.6,7,0.991322799507488,0.976860064126736,1.00249998552812
35.8,7,0.991298252743072,0.976701575573278,1.00247199037004
36,7,0.991275478508604,0.976363386354702,1.00250317977164
36.2,7,0.991254822896848,0.976263245671216,1.00266059185713
36.4,7,0.99123660710123,0.976159375690157,1.00282150127349
36.6,7,0.991221123615284,0.975998999692925,1.00295806427206
36.8,7,0.991208632974419,0.975830620391474,1.00304995202564
37,7,0.991199361069667,0.975921859274584,1.00320463827074
37.2,7,0.991193497052311,0.975829759838497,1.0032188884749
37.4,7,0.99119119183766,0.975753727614263,1.00326099340161
37.6,7,0.991192557205914,0.975794320921558,1.0033010836294
37.8,7,0.991197665488242,0.975826247764245,1.00342951737526
38,7,0.991206549817043,0.975630748350987,1.00373276545285
38.2,7,0.991219204911007,0.975442151137025,1.00396996668842
38.4,7,0.991235588358204,0.975268544134479,1.00411801162492
38.6,7,0.991255622354019,0.975313214998593,1.00416678294997
38.8,7,0.991279195845481,0.974980795137472,1.0041835704265
39,7,0.991306167029377,0.974916140153953,1.00445880962274
39.2,7,0.991336366148561,0.974769685869505,1.00456354956831
39.4,7,0.991369598529006,0.974624715736045,1.0049548101693
39.6,7,0.991405647799459,0.974530924885189,1.00535241821128
39.8,7,0.99144427923588,0.974342591169848,1.00560919817465
40,7,0.991485243174213,0.974123712353941,1.00589335346299
0,8,1.11513752003299,1.09016638819183,1.14189954138297
0.2,8,1.11507553176398,1.09008770779729,1.14172935079037
0.4,8,1.11500651908727,1.09007904886518,1.1415618479082
0.6,8,1.11492978681543,1.09008547440135,1.14149076940818
0.8,8,1.11484458600881,1.09017267073932,1.14130312524506
1,8,1.11475011185706,1.0902549448299,1.14107984864471
1.2,8,1.1146455017466,1.09033361926645,1.1408624536457
1.4,8,1.11452983355567,1.09021682317727,1.14064283451051
1.6,8,1.11440212422144,1.09019672211615,1.14031233160534
1.8,8,1.11426132862518,1.09012532649046,1.14000094898481
2,8,1.1141063388436,1.0903559222723,1.13980993906226
2.2,8,1.11393598381516,1.09031457992442,1.13970090249309
2.4,8,1.11374902947088,1.09012479284468,1.13957151152551
2.6,8,1.11354417937941,1.08990944299959,1.13899217814817
2.8,8,1.11332007595473,1.08967721468809,1.13867632840384
3,8,1.11307530227408,1.08957112173847,1.13831910686126
3.2,8,1.11280838455079,1.08946971576879,1.13784671723211
3.4,8,1.11251779530373,1.08935020114503,1.13726374644471
3.6,8,1.11220195726099,1.08935318160366,1.13686576441372
3.8,8,1.1118592480302,1.08923028363775,1.13630519803674
4,8,1.11148800556183,1.08893329264738,1.13566521703116
4.2,8,1.11108653442495,1.08851065684878,1.13506897004221
4.4,8,1.11065311290674,1.08816667716256,1.13463845049245
4.6,8,1.11018600093832,1.08779268053823,1.13414035007032
4.8,8,1.10968344883962,1.0875198749893,1.13333741358124
5,8,1.10914370686555,1.08718877752659,1.13253724540264
5.2,8,1.10856503552443,1.08684827188848,1.1318158410829
5.4,8,1.10794571662805,1.08640011011446,1.13106635726755
5.6,8,1.10728406502034,1.08603022616927,1.13031318402034
5.8,8,1.10657844091952,1.08543910360341,1.12947931206627
6,8,1.10582726279577,1.08482787340943,1.12854480669597
6.2,8,1.10502902069454,1.08425361261738,1.12760132404665
6.4,8,1.10418228990337,1.08376820318319,1.12662348820364
6.6,8,1.10328574484896,1.0831047356672,1.12559624220775
6.8,8,1.10233817310061,1.08199115233137,1.12451776264837
7,8,1.1013384893467,1.08085429127774,1.12338629569755
7.2,8,1.10028574920292,1.07982553436157,1.1222001758375
7.4,8,1.09917916270399,1.07877925228017,1.12093590538832
7.6,8,1.09801810732628,1.07776712302929,1.1193733708322
7.8,8,1.09680214038523,1.0768341780971,1.11800364498188
8,8,1.09553101065103,1.07600113725526,1.11672518847855
8.2,8,1.09420466902731,1.07516521025648,1.1152448014281
8.4,8,1.0928232781411,1.07414061882034,1.11369204735037
8.6,8,1.09138722069863,1.07322187304272,1.11204023753854
8.8,8,1.08989710646985,1.07210497709584,1.11036587626931
9,8,1.08835377777533,1.07084540558172,1.10864423319907
9.2,8,1.08675831336227,1.06954212635776,1.10673082238901
9.4,8,1.08511203057151,1.0679192960983,1.10468262469753
9.6,8,1.08341648571435,1.06654918443871,1.10264864980009
9.8,8,1.08167347259707,1.06519849889756,1.10069432895126
10,8,1.07988501915089,1.06369943486197,1.09869615351955
10.2,8,1.0780533821467,1.06225312880018,1.09660309901778
10.4,8,1.07618103999599,1.06065708715289,1.09434574182692
10.6,8,1.07427068366183,1.05911240091344,1.09224961869226
10.8,8,1.07232520572665,1.05750500076891,1.09009818834147
11,8,1.07034768768567,1.05597361096219,1.08791731815157
11.2,8,1.0683413855567,1.05444381365386,1.08569992213193
11.4,8,1.06630971391758,1.0527940827012,1.08321627163748
11.6,8,1.0642562285018,1.05111910343872,1.0809030898398
11.8,8,1.06218460750056,1.04952786262753,1.07860650287899
12,8,1.060098631735,1.04785878148348,1.07620838951518
12.2,8,1.05800216387597,1.04608384897844,1.07368706655454
12.4,8,1.05589912689971,1.04446595034467,1.07117581707113
12.6,8,1.05379348197629,1.04260113333426,1.06875985920075
12.8,8,1.05168920599389,1.04087052252665,1.06634042123761
13,8,1.04959026892501,1.03915096557923,1.0640179093269
13.2,8,1.04750061124148,1.0373621403577,1.06159793674973
13.4,8,1.04542412158332,1.03562106631466,1.05917689329152
13.6,8,1.04336461488194,1.03377416165931,1.05672316879232
13.8,8,1.04132581113148,1.0319163983718,1.05428053608487
14,8,1.03931131499315,1.03021736367575,1.0518511439081
14.2,8,1.0373245964065,1.02861553291634,1.04943839318282
14.4,8,1.03536897236885,1.02702294054109,1.04716276183983
14.6,8,1.03344759002995,1.02536352171812,1.04488854167413
14.8,8,1.03156341123337,1.02383434363193,1.04250953022935
15,8,1.02971919861978,1.02243620535707,1.04017011148922
15.2,8,1.02791750338966,1.0210418001594,1.03785773350646
15.4,8,1.02616065480551,1.01960286804545,1.03560164045676
15.6,8,1.0244507514952,1.01819555532329,1.03340536507955
15.8,8,1.02278965459991,1.01673875114811,1.03134772624848
16,8,1.0211789827921,1.01535342097083,1.02933153964449
16.2,8,1.01962010917073,1.01407264907333,1.02733630463722
16.4,8,1.01811416002403,1.01285648941669,1.02536184582942
16.6,8,1.01666201543275,1.01170480771732,1.02344141087715
16.8,8,1.01526431167111,1.01058243169725,1.02157603669981
17,8,1.01392144534725,1.00954717855885,1.01976457051596
17.2,8,1.01263357921052,1.00860819683469,1.01808577499945
17.4,8,1.01140064953979,1.00767236973112,1.0164797384354
17.6,8,1.0102223750145,1.00680696482612,1.01495039892724
17.8,8,1.00909826695911,1.00598673394522,1.01342749343474
18,8,1.0080276408416,1.00521850083132,1.01190659924909
18.2,8,1.00700962889785,1.00448917943487,1.0104654713994
18.4,8,1.00604319374618,1.00382708653918,1.00908891844066
18.6,8,1.00512714285027,1.00320970416166,1.00774635907955
18.8,8,1.00426014368331,1.00263760532982,1.00650195323735
19,8,1.00344073944304,1.00210394449719,1.00530222397748
19.2,8,1.00266736516466,1.00161071653193,1.00414003195869
19.4,8,1.00193836407779,1.00115147300825,1.00303359474721
19.6,8,1.00125200405402,1.00073386803803,1.00197939630971
19.8,8,1.00060649399323,1.00035075416855,1.00096714317966
20,8,1,1,1
20.2,8,0.999430661205747,0.99907251077073,0.999679217891693
20.4,8,0.998896605098061,0.99818972415203,0.999383016672465
20.6,8,0.998395962225468,0.997348658635033,0.999112752636527
20.8,8,0.997926880154244,0.996548020785697,0.998873863638587
21,8,0.997487536563151,0.995749397314247,0.998665315966247
21.2,8,0.997076151372484,0.995004385458047,0.998470313114523
21.4,8,0.996690997815279,0.99427681003074,0.998293624752861
21.6,8,0.99633041237095,0.99360185519537,0.998130174233614
21.8,8,0.995992803494805,0.992921116635674,0.997974336893003
22,8,0.995676659090816,0.992271701304871,0.997842234634878
22.2,8,0.995380552689415,0.991627036254705,0.997706520782
22.4,8,0.995103148306943,0.991024857182609,0.997589233402342
22.6,8,0.994843203978422,0.990458638618904,0.997479325169946
22.8,8,0.994599573970457,0.989876678920496,0.997387648387134
23,8,0.994371209696117,0.989314174562588,0.997303176040887
23.2,8,0.99415715936834,0.988802326454666,0.997268256629311
23.4,8,0.993956566442733,0.988346010312818,0.997236466026541
23.6,8,0.993768666914254,0.987894340668333,0.997210040430499
23.8,8,0.993592785545059,0.987413756515064,0.99721028214006
24,8,0.993428331112692,0.986946341786573,0.997168031057585
24.2,8,0.993274790778432,0.98650280478706,0.997102490028275
24.4,8,0.993131723685053,0.986241473000201,0.997029353154797
24.6,8,0.992998753901233,0.985860007885609,0.99704400837749
24.8,8,0.992875562836297,0.985501602772311,0.997063028504459
25,8,0.992761881253765,0.985106898229674,0.997075372243886
25.2,8,0.992657481015339,0.984827174543571,0.997053104768022
25.4,8,0.992562166688232,0.984464817590746,0.997100738651887
25.6,8,0.992475767148311,0.984258908395123,0.997126344784431
25.8,8,0.992398127309271,0.984031932163554,0.997160661688062
26,8,0.992329100103953,0.98383896228344,0.99725577586945
26.2,8,0.992268538838168,0.983667769284504,0.997304093135703
26.4,8,0.992216290029878,0.983438858301745,0.997334458333237
26.6,8,0.992172186837518,0.983194669150515,0.997357046720143
26.8,8,0.992136043170746,0.983113689208249,0.997411802229473
27,8,0.992107648565009,0.983089469303341,0.997456896149019
27.2,8,0.992086763888344,0.983060797459542,0.997565553450485
27.4,8,0.992073117934795,0.982971025273974,0.997584726300788
27.6,8,0.99206640494408,0.982894586107639,0.997627253550059
27.8,8,0.992066283071824,0.982901998393499,0.99772814391945
28,8,0.992072373818967,0.982892796632997,0.997764504854073
28.2,8,0.992084262413269,0.982940589711901,0.997878551979636
28.4,8,0.992101499120201,0.982946737498994,0.997989755321032
28.6,8,0.99212360144535,0.982879205833247,0.998066283350858
28.8,8,0.992150057175954,0.98286726231717,0.998229620947019
29,8,0.99218032819553,0.982907972655996,0.99834442903982
29.2,8,0.992213854993109,0.982970047452451,0.998442479682937
29.4,8,0.992250061777421,0.983024839989897,0.998549632584428
29.6,8,0.992288362096791,0.983082751512048,0.998590647776685
29.8,8,0.992328164857657,0.983060607996156,0.99867774960469
30,8,0.992368880628586,0.983042070541601,0.998830353398205
30.2,8,0.992409928112692,0.982961538285909,0.998984478528632
30.4,8,0.99245074066938,0.982908666464484,0.999114433060164
30.6,8,0.992490772766515,0.982959776448898,0.999206008848479
30.8,8,0.992529506246372,0.982904207820357,0.999289957913165
31,8,0.992566456293068,0.98289585629292,0.999375068009669
31.2,8,0.992601176995479,0.982843181472682,0.999467730880446
31.4,8,0.99263326640788,0.982788083294048,0.999554392141891
31.6,8,0.992662371020396,0.982819425944731,0.999635264805666
31.8,8,0.992688189562817,0.98299362286705,0.999708739153417
32,8,0.992710476078015,0.982808730347757,0.999840558636805
32.2,8,0.992729042214939,0.982741965543767,0.999994489191056
32.4,8,0.992743758705694,0.982626056429868,1.00009343794742
32.6,8,0.992754556006149,0.982485896659182,1.00019537293666
32.8,8,0.992761424094707,0.982346119027016,1.00034684367901
33,8,0.992764411438847,0.982340882055329,1.00038045126407
33.2,8,0.992763623153675,0.982251733591017,1.00026828606318
33.4,8,0.992759218390596,0.982226421491074,1.00038515383064
33.6,8,0.992751407007142,0.982128238532684,1.00052501282977
33.8,8,0.992740445580694,0.982074406561669,1.0006115626577
34,8,0.992726632839133,0.981946858627808,1.00065242925036
34.2,8,0.992710304590157,0.981755904358276,1.00077299242933
34.4,8,0.992691828237956,0.981666357778493,1.00078894157159
34.6,8,0.992671596981095,0.981556302226602,1.00095171654549
34.8,8,0.992650023788704,0.981431027275336,1.00110785039877
35,8,0.992627535253448,0.981355724075255,1.00118648328619
35.2,8,0.992604565419267,0.981214374810774,1.00130592631408
35.4,8,0.992581549679548,0.981091213753659,1.00136389008087
35.6,8,0.992558918837452,0.980854226227651,1.00141095808584
35.8,8,0.992537093414531,0.980712203193915,1.00145310490948
36,8,0.992516478286845,0.980552928175439,1.0014559618096
36.2,8,0.992497457719656,0.980401129631685,1.00154222341621
36.4,8,0.992480390862597,0.980186969281956,1.00158717606595
36.6,8,0.992465607757318,0.980145875197503,1.00172091541092
36.8,8,0.992453405899087,0.980045178707152,1.00165976241287
37,8,0.992444047383033,0.979881479545834,1.0016850940873
37.2,8,0.992437756654783,0.979922837046668,1.00174713109037
37.4,8,0.992434718874426,0.979860054349576,1.0018301769174
37.6,8,0.992435078892253,0.97983142770303,1.00192740504391
37.8,8,0.992438940824722,0.979871224790305,1.00209379467676
38,8,0.992446368209763,0.979779980981136,1.00236679730176
38.2,8,0.992457384712059,0.979682671246273,1.00274642449379
38.4,8,0.992471975341347,0.9796006901202,1.00282464356272
38.6,8,0.992490088140277,0.97956834815785,1.0029982875909
38.8,8,0.992511636292936,0.979609247369805,1.00324090177538
39,8,0.992536500600874,0.97968345243872,1.0034793177489
39.2,8,0.9925645322704,0.97958926282841,1.00381523426481
39.4,8,0.992595555952931,0.97945069296117,1.00415760327557
39.6,8,0.992629372979445,0.979325824909927,1.00446514620448
39.8,8,0.992665764730316,0.979168809159122,1.00490396232928
40,8,0.992704496083158,0.978975835786785,1.00532617701592
0,9,1.12027513900097,1.09732737977187,1.14838369760276
0.2,9,1.12020191754627,1.09741319604739,1.1481790849922
0.4,9,1.12012088139543,1.09749828036641,1.14793432790144
0.6,9,1.12003129509964,1.097515524046,1.14766711929339
0.8,9,1.11993236853684,1.09727732275648,1.14747335734945
1,9,1.1198232548536,1.09731767075978,1.14735779004998
1.2,9,1.11970304860089,1.09774429648487,1.14711433110702
1.4,9,1.11957078410623,1.09787994043996,1.14691879968985
1.6,9,1.11942543412714,1.09787591170785,1.14673775812174
1.8,9,1.11926590883262,1.09783526162111,1.14635446773276
2,9,1.11909105516126,1.09771435731343,1.14605172893113
2.2,9,1.11889965660559,1.09758741885195,1.14559352786085
2.4,9,1.11869043347284,1.09746314318945,1.14525213722887
2.6,9,1.1184620436721,1.09731091014035,1.14483590900469
2.8,9,1.11821308407727,1.09720061129853,1.14428325439932
3,9,1.11794209251352,1.09713696303711,1.14380968526675
3.2,9,1.11764755041235,1.09706070955563,1.14331820851792
3.4,9,1.11732788617735,1.09670217079429,1.14290526550783
3.6,9,1.11698147929824,1.0965765830416,1.14235009352365
3.8,9,1.11660666524553,1.09646840147334,1.14175278584536
4,9,1.11620174117213,1.09634658465093,1.1412217904069
4.2,9,1.11576497244056,1.09608731021205,1.14076118218722
4.4,9,1.11529459998686,1.09567782876143,1.14018334468262
4.6,9,1.11478884852233,1.09529849698353,1.1395251114488
4.8,9,1.11424593556513,1.09489343742996,1.13882701099104
5,9,1.11366408128222,1.09447371277311,1.13778488263171
5.2,9,1.11304151911098,1.0941201409124,1.13682805141834
5.4,9,1.11237650711793,1.09368249531244,1.13603347217679
5.6,9,1.11166734003915,1.09323691029222,1.13518271799555
5.8,9,1.1109123619347,1.09269920718517,1.13427382636042
6,9,1.11010997937638,1.09221015814059,1.13321823433234
6.2,9,1.10925867507571,1.09162819312666,1.13223829476405
6.4,9,1.10835702184696,1.09078987580697,1.13107355349677
6.6,9,1.10740369678833,1.09005633536109,1.12980752808854
6.8,9,1.10639749555399,1.08926336826864,1.1287385118015
7,9,1.10533734657996,1.08846231649232,1.1275575445246
7.2,9,1.10422232511883,1.08756847447018,1.12621842139019
7.4,9,1.10305166693154,1.08620129753245,1.1248877996134
7.6,9,1.10182478147996,1.08504786696391,1.12354702996147
7.8,9,1.10054126446084,1.08385628984479,1.12203837310443
8,9,1.09920090952149,1.08273088830752,1.12060661671225
8.2,9,1.09780371899889,1.08173221387098,1.1191310230809
8.4,9,1.09634991352811,1.0803920119846,1.11759445937915
8.6,9,1.09483994037248,1.07904968220844,1.11599720514324
8.8,9,1.09327448033658,1.07769145935593,1.11435873588815
9,9,1.09165445313475,1.07607100888779,1.11266967169547
9.2,9,1.08998102110102,1.07457362632824,1.11091870740624
9.4,9,1.0882555911426,1.07309175482135,1.10895513806616
9.6,9,1.08647981485601,1.07146520976461,1.10698638726585
9.8,9,1.08465558674514,1.06977457711023,1.10495584285807
10,9,1.08278504050062,1.06805369517983,1.10277049217789
10.2,9,1.08087054332229,1.06630504655515,1.10072773603237
10.4,9,1.07891468828903,1.06453590222957,1.09855234282995
10.6,9,1.07692028480336,1.06279259731311,1.09642932883101
10.8,9,1.07489034716136,1.06103485539742,1.09434989714019
11,9,1.07282808132114,1.05930671703155,1.09212786620404
11.2,9,1.0707368699654,1.05755597812147,1.08987589277176
11.4,9,1.06862025597398,1.05563218500108,1.08759872771816
11.6,9,1.06648192444253,1.05376623010248,1.08523044530832
11.8,9,1.06432568340034,1.05196293078302,1.08275141105839
12,9,1.06215544339682,1.05014361083597,1.08029467168739
12.2,9,1.05997519613889,1.04819995277739,1.07771045453605
12.4,9,1.05778899237289,1.04622210274578,1.07514461135092
12.6,9,1.05560091921287,1.04434045792057,1.07256721553116
12.8,9,1.05341507712274,1.04247474592554,1.06994308364175
13,9,1.05123555676281,1.0406141317296,1.06741194858913
13.2,9,1.04906641591148,1.03883262579479,1.06481394150547
13.4,9,1.04691165667051,1.03701288684181,1.06232274982443
13.6,9,1.04477520315747,1.03516407971205,1.05974092879949
13.8,9,1.04266087988156,1.03337861223897,1.05699530761926
14,9,1.04057239098969,1.03153170698133,1.05437906698491
14.2,9,1.03851330055837,1.02978000358355,1.05184758118905
14.4,9,1.03648701409345,1.02803816548503,1.0493677377809
14.6,9,1.0344967613854,1.02630744365696,1.04693254291508
14.8,9,1.03254558085177,1.02461332268325,1.04451440643826
15,9,1.03063630548141,1.0230184231857,1.04223033277362
15.2,9,1.02877155047747,1.02142462305812,1.03986367299236
15.4,9,1.02695370267803,1.01991920125546,1.03753666094427
15.6,9,1.02518491181453,1.01845726975056,1.03525409315869
15.8,9,1.02346708364999,1.01704145100951,1.03302628950505
16,9,1.02180187502026,1.01570583191723,1.03086893744585
16.2,9,1.02019069078383,1.01435813858178,1.02876841697397
16.4,9,1.01863468266799,1.01311243260048,1.0267001374434
16.6,9,1.01713474998218,1.01192445057117,1.02467457809481
16.8,9,1.01569154215344,1.01082266772177,1.02274633858121
17,9,1.01430546302328,1.00976292447713,1.02086208040519
17.2,9,1.01297667683119,1.00877605954648,1.01911282436932
17.4,9,1.01170511579657,1.00783979925486,1.01735086876305
17.6,9,1.01049048919862,1.00693885959932,1.01563969443311
17.8,9,1.00933229384275,1.00610371908047,1.01398679932482
18,9,1.00822982579213,1.00534164585713,1.01241813650567
18.2,9,1.00718219323428,1.0045984603084,1.01092319786284
18.4,9,1.00618833034522,1.00390699441684,1.00949664845621
18.6,9,1.00524701200755,1.00326486882897,1.00810848583583
18.8,9,1.00435686923403,1.00266973675568,1.00676825496007
19,9,1.00351640514449,1.00212497206787,1.00549204903526
19.2,9,1.00272401134205,1.00163189423863,1.00428722277074
19.4,9,1.00197798453337,1.00117129170032,1.00312939491847
19.6,9,1.00127654323832,1.00074419975086,1.00203005158585
19.8,9,1.0006178444364,1.00035452426698,1.0009942500108
20,9,1,1,1
20.2,9,0.999421092769469,0.999048266365937,0.999676233983012
20.4,9,0.998879192130533,0.998134158159964,0.999383074747633
20.6,9,0.998372368961615,0.997264945670772,0.999116568592364
20.8,9,0.99789870982697,0.996442726392897,0.998879815819242
21,9,0.997456330300918,0.995654963975112,0.998666514637183
21.2,9,0.997043387319003,0.994890409897819,0.998473581917322
21.4,9,0.996658090463419,0.994155951912692,0.998301100061237
21.6,9,0.996298712102526,0.993422778239043,0.99814007717633
21.8,9,0.99596359631753,0.992725783538584,0.997986266520434
22,9,0.995651166563331,0.992066374094377,0.997852412128052
22.2,9,0.995359932025039,0.991436110152759,0.997720707888106
22.4,9,0.995088492646536,0.990844949928357,0.99760063505518
22.6,9,0.994835542822576,0.990333209629854,0.997490595633435
22.8,9,0.994599873761092,0.989798622572254,0.997404504882699
23,9,0.994380374537464,0.989315712217364,0.997346786361536
23.2,9,0.994176031877301,0.988900357032844,0.997335920399029
23.4,9,0.993985928718599,0.988442221016797,0.99728249006432
23.6,9,0.993809241617857,0.987956833145124,0.997226571190385
23.8,9,0.993645237077576,0.987579532566062,0.997227437881566
24,9,0.993493266884479,0.987170213552956,0.997195303448762
24.2,9,0.993352762558516,0.986772894325138,0.997161256083085
24.4,9,0.993223229022183,0.986411923213803,0.997117059644834
24.6,9,0.993104237607709,0.986065100724583,0.997118655959556
24.8,9,0.992995418526149,0.985746165985732,0.997138084422298
25,9,0.992896452927276,0.985413974779163,0.997141442583067
25.2,9,0.992807064682297,0.985120567735201,0.997193650124879
25.4,9,0.992727012022766,0.984864561280765,0.997253875852183
25.6,9,0.992656079168644,0.984659489860354,0.997297195758831
25.8,9,0.992594068076179,0.984412787998959,0.997345632711326
26,9,0.992540790432251,0.984248074337842,0.997409883064351
26.2,9,0.992496060016001,0.983951579936897,0.9974630487805
26.4,9,0.992459685541109,0.983800377645307,0.997544281643701
26.6,9,0.992431464082981,0.983751251411851,0.997670443105278
26.8,9,0.99241117518459,0.983779364656363,0.9978177801904
27,9,0.992398575722819,0.983830775680233,0.997954896169334
27.2,9,0.992393395604118,0.983773814203536,0.998079705966143
27.4,9,0.992395334344266,0.983580566872389,0.998193690084542
27.6,9,0.992404058572223,0.983516792074022,0.998277090336079
27.8,9,0.992419200482678,0.983522161302314,0.998363654625946
28,9,0.992440357246214,0.983602527850769,0.998476180042777
28.2,9,0.992467091370209,0.983712353465867,0.998626381924029
28.4,9,0.992498931987972,0.983570103062152,0.998719778749969
28.6,9,0.992535377038383,0.983607889681469,0.998815764508009
28.8,9,0.992575896283736,0.983703638106936,0.99904079836304
29,9,0.992619935099851,0.983720887078628,0.999206313332566
29.2,9,0.992666918959937,0.983766331611538,0.999412876548261
29.4,9,0.992716258522576,0.983791078721207,0.99956024804219
29.6,9,0.99276735522453,0.983758732380086,0.999716021872325
29.8,9,0.992819607271195,0.98363686836863,0.999871820739623
30,9,0.992872415911507,0.983681783394109,1.00004079625015
30.2,9,0.992925191880068,0.983884656034807,1.0002186767614
30.4,9,0.992977361887307,0.983935787824047,1.00033046018592
30.6,9,0.993028375038637,0.983997964723732,1.00045833017607
30.8,9,0.993077709065837,0.984086250320196,1.00056219695211
31,9,0.993124876258239,0.984162279122095,1.00067574805788
31.2,9,0.993169428987623,0.98411777368573,1.00077531919932
31.4,9,0.993210964728933,0.984084429485366,1.00087708796955
31.6,9,0.993249130488877,0.984062377085572,1.00096642111792
31.8,9,0.993283626565887,0.984053809293828,1.00109119648842
32,9,0.993314209577675,0.984050352890501,1.00112385552606
32.2,9,0.993340694706377,0.984118537162548,1.00110733927633
32.4,9,0.993362957125847,0.984129266614359,1.00118073613327
32.6,9,0.993380932590639,0.984178157478081,1.00129578802762
32.8,9,0.99339461718141,0.984110427192429,1.00137524750002
33,9,0.993404066216547,0.984097173215229,1.00143384483163
33.2,9,0.99340939235442,0.984106160692631,1.00151356547382
33.4,9,0.993410762924602,0.984009309661147,1.00150387997977
33.6,9,0.993408396539343,0.983891451269909,1.00149540635323
33.8,9,0.993402559048297,0.983667161517717,1.00151848161419
34,9,0.993393558909854,0.983673097585908,1.00151238848209
34.2,9,0.993381742061083,0.983636470639962,1.00149420060092
34.4,9,0.993367486375334,0.983580716459098,1.00152225399381
34.6,9,0.993351195801632,0.983497342038248,1.00167528045278
34.8,9,0.993333294283323,0.983459312714884,1.00176649878407
35,9,0.993314219554727,0.983290778549802,1.00179735544627
35.2,9,0.993294416914114,0.983090722971765,1.00189578563404
35.4,9,0.993274333068956,0.982976515164274,1.00183263349898
35.6,9,0.993254410145449,0.982865527347827,1.00193435500945
35.8,9,0.993235079948687,0.982709126779985,1.00211516193378
36,9,0.993216758552944,0.982538713529189,1.00214861959063
36.2,9,0.993199841293325,0.982451330179692,1.00206859511462
36.4,9,0.993184698220863,0.982300045576873,1.00216788391189
36.6,9,0.993171670073203,0.982237574118192,1.00229364624197
36.8,9,0.993161064802463,0.98224339602305,1.00237011508441
37,9,0.993153154691032,0.982256750126825,1.002442088193
37.2,9,0.993148174075104,0.982174808904729,1.00264088122451
37.4,9,0.993146317684902,0.981963621389217,1.00281448385845
37.6,9,0.993147739600008,0.981708925539724,1.00292002953837
37.8,9,0.993152552808225,0.98155555039668,1.00302922618359
38,9,0.993160829347001,0.981524835191778,1.00311432335806
38.2,9,0.993172600997961,0.981539345805548,1.00331868009215
38.4,9,0.993187860497466,0.981647972128795,1.00372471792311
38.6,9,0.993206563219617,0.981600063687086,1.00413888802672
38.8,9,0.993228629282625,0.981397316893472,1.00436902904319
39,9,0.993253946025257,0.981517305707787,1.00448842281112
39.2,9,0.993282370796895,0.981489015939797,1.00462103596603
39.4,9,0.99331373400285,0.981336236710775,1.00503183851416
39.6,9,0.993347842345737,0.981145355037262,1.00536087569852
39.8,9,0.993384482204038,0.980920051463149,1.00556982991109
40,9,0.993423423090223,0.980838248472978,1.00588150572498
0,10,1.12261700419747,1.09783092611043,1.15821826363563
0.2,10,1.12253651760357,1.09785090493357,1.1579486740133
0.4,10,1.1224477520341,1.09785629913077,1.15761246756706
0.6,10,1.12234995341197,1.09768919251121,1.15731503229067
0.8,10,1.12224231302362,1.09764884372193,1.15705647860267
1,10,1.12212396551623,1.09727082133074,1.15677494533
1.2,10,1.12199398709062,1.09734223542816,1.15646904369108
1.4,10,1.12185139393215,1.09705651177124,1.15613735916459
1.6,10,1.12169514092439,1.09678921032551,1.15577845576819
1.8,10,1.1215241206924,1.09662107807858,1.15539088061523
2,10,1.12133716302404,1.09667725111651,1.15497316872197
2.2,10,1.12113303471897,1.09675516908466,1.15456570693894
2.4,10,1.12091043991526,1.09682220435864,1.15423014523156
2.6,10,1.12066802094403,1.0968694151714,1.15387211424546
2.8,10,1.12040435976097,1.09673437950498,1.15349036678395
3,10,1.12011798000281,1.09656108921495,1.15308360063819
3.2,10,1.11980734971369,1.09623871728886,1.15265045786625
3.4,10,1.11947088478344,1.09575220073724,1.15218952444607
3.6,10,1.11910695313539,1.0955206018247,1.15169933036896
3.8,10,1.11871387969602,1.09525761052742,1.15118514557212
4,10,1.11828995217243,1.09497046867252,1.15064049253471
4.2,10,1.11783342765651,1.09458659532056,1.1501302730583
4.4,10,1.11734254006631,1.09407262542355,1.14960044085133
4.6,10,1.11681550842594,1.09353051746667,1.14885848408474
4.8,10,1.11625054597533,1.09308766497194,1.14792753751006
5,10,1.11564587009019,1.09268857229773,1.14685915384542
5.2,10,1.11499971298117,1.09225193800954,1.14602608549844
5.4,10,1.11431033312883,1.09176880921059,1.14506627704731
5.6,10,1.11357602739892,1.09119391817738,1.14406176583954
5.8,10,1.11279514376911,1.0905779776806,1.14316631804432
6,10,1.11196609458639,1.08982014992268,1.14230040754966
6.2,10,1.1110873702608,1.08902283645689,1.14127904626059
6.4,10,1.11015755328983,1.08829357038309,1.14020599061828
6.6,10,1.10917533249559,1.08759610571043,1.13896912001443
6.8,10,1.10813951734671,1.08686038545278,1.13769826154409
7,10,1.10704905222692,1.08610304446553,1.13640022699857
7.2,10,1.10590303050459,1.08509422680199,1.13515993959042
7.4,10,1.10470070825046,1.08400483139522,1.13392885826305
7.6,10,1.1034415174464,1.08306924789506,1.1325267193965
7.8,10,1.10212507852522,1.08195582907011,1.13081494920079
8,10,1.10075121208085,1.08078292178335,1.12877615897681
8.2,10,1.09931994959012,1.07955650789153,1.12701829490193
8.4,10,1.09783154299144,1.07827588654139,1.12536273920972
8.6,10,1.09628647297239,1.07687341691118,1.12353588448809
8.8,10,1.09468545582692,1.07544353547097,1.12148971548391
9,10,1.09302944875482,1.07412260630675,1.11938770145092
9.2,10,1.0913196534893,1.07271003818776,1.11714885956873
9.4,10,1.0895575181549,1.07114722469184,1.11476173295546
9.6,10,1.08774473727534,1.06968169640425,1.11246762308606
9.8,10,1.08588324987085,1.0681663435368,1.11024149571791
10,10,1.08397523560518,1.06653235241717,1.10799412900544
10.2,10,1.08202310896491,1.0648356621922,1.10557317691018
10.4,10,1.0800295114761,1.0630645035694,1.10309339224446
10.6,10,1.07799730198702,1.06124073883871,1.10055818484091
10.8,10,1.07592954506858,1.05939252392391,1.09802919251751
11,10,1.0738294976071,1.05759552758432,1.09548390651676
11.2,10,1.07170059368622,1.0558092135141,1.09310411055122
11.4,10,1.06954642787556,1.05404259073596,1.09076021154606
11.6,10,1.06737073706343,1.05219764584238,1.08813972589625
11.8,10,1.06517738098854,1.05031988885665,1.08554368841663
12,10,1.06297032164119,1.04839859081745,1.08293832091562
12.2,10,1.06075360171819,1.04662601288571,1.08035769561877
12.4,10,1.05853132232611,1.04465146965249,1.07769180456229
12.6,10,1.05630762013618,1.04286997396292,1.07491489020013
12.8,10,1.05408664419958,1.04113278458282,1.07228806950016
13,10,1.0518725326347,1.0393176110337,1.06974092651417
13.2,10,1.04966938939802,1.03744448807388,1.06707369018512
13.4,10,1.04748126134803,1.0355952242464,1.06457595156683
13.6,10,1.04531211580632,1.0338340576836,1.0620849855155
13.8,10,1.04316581881262,1.03193792878736,1.05962489905152
14,10,1.04104611426116,1.03005089792979,1.05717218870631
14.2,10,1.03895660409383,1.02825114873279,1.05459810153902
14.4,10,1.03690072971274,1.02659964047701,1.05200098445194
14.6,10,1.03488175475933,1.02499880361533,1.04932716363
14.8,10,1.03290274939191,1.02341257723238,1.046793837886
15,10,1.03096657617564,1.02183282434803,1.04445624197335
15.2,10,1.0290758776819,1.02022091688333,1.04221779894723
15.4,10,1.02723306587506,1.01869330661348,1.04005057087273
15.6,10,1.02544031334682,1.01736723659437,1.03788245211329
15.8,10,1.02369954643903,1.01593797992913,1.03559466640214
16,10,1.02201244027805,1.01468548533533,1.0332066516088
16.2,10,1.02038041572541,1.01346661196439,1.03090808226813
16.4,10,1.01880463823187,1.01232740634431,1.02871759039541
16.6,10,1.01728601856545,1.01119239661288,1.02659973294129
16.8,10,1.01582521536737,1.01009694390477,1.02453579127383
17,10,1.01442263947508,1.00900881454825,1.02261900026065
17.2,10,1.01307845993684,1.00798881711634,1.02074155285253
17.4,10,1.01179261162941,1.00708346495134,1.01889691194215
17.6,10,1.01056480437786,1.00632511329853,1.01708434208009
17.8,10,1.00939453346597,1.00556379001498,1.01526550864356
18,10,1.00828109141528,1.00482749719587,1.01355115401389
18.2,10,1.00722358090281,1.00412057477987,1.01196360610149
18.4,10,1.00622092867964,1.00346795777461,1.01039319320215
18.6,10,1.00527190034678,1.00287637327747,1.00889007064045
18.8,10,1.00437511583968,1.00234758752363,1.00742824755036
19,10,1.00352906546945,1.00186444138139,1.00603808882461
19.2,10,1.00273212636657,1.00141511509464,1.00473466270683
19.4,10,1.00198257917203,1.00099626603302,1.00345320218936
19.6,10,1.00127862482124,1.00062544078772,1.00224787019876
19.8,10,1.00061840126821,1.0002933132404,1.0010931144597
20,10,1,1,1
20.2,10,0.999421482196635,0.998954053830901,0.999739390194475
20.4,10,0.998880894396804,0.997958209674002,0.999504610514512
20.6,10,0.99837628353705,0.997025552972672,0.999290359582707
20.8,10,0.997905711240187,0.996149203567312,0.999108822374655
21,10,0.997467267238121,0.995316914279,0.998951608008531
21.2,10,0.997059081824694,0.994514574946745,0.998830075262612
21.4,10,0.996679337245659,0.993745630575688,0.998731202784276
21.6,10,0.996326277945258,0.993058798028669,0.998659851429273
21.8,10,0.995998219602102,0.992421681615154,0.998598379374675
22,10,0.99569355690088,0.99177810820561,0.998550206161119
22.2,10,0.995410770000883,0.991148529240805,0.998476789964096
22.4,10,0.995148429677103,0.990639477915696,0.998393547894371
22.6,10,0.994905201124761,0.990169309839978,0.998299884402488
22.8,10,0.994679846433217,0.989654595062692,0.998241831007125
23,10,0.994471225750258,0.989093279808586,0.998234925696023
23.2,10,0.994278297172527,0.988613057238601,0.998220708737142
23.4,10,0.994100115412127,0.988155548815913,0.998264088117755
23.6,10,0.993935829303149,0.987637764073981,0.998334324011446
23.8,10,0.993784678224709,0.987270837693808,0.998384373833862
24,10,0.993645987528982,0.986912574888373,0.998421465412631
24.2,10,0.993519163073494,0.986496411070212,0.99847859612469
24.4,10,0.993403684966416,0.986056274799282,0.998531913895906
24.6,10,0.993299100641665,0.9856415106395,0.998577060423088
24.8,10,0.993205017387183,0.985313136761822,0.998727834858363
25,10,0.993121094454674,0.985077727957926,0.998801935837985
25.2,10,0.993047034882286,0.984912570374078,0.998838160020175
25.4,10,0.992982577163189,0.984769996561846,0.998979863095134
25.6,10,0.992927486892653,0.984592363999071,0.999150022764785
25.8,10,0.992881548524077,0.984355041945424,0.999266742535395
26,10,0.9928445573605,0.984037064450794,0.999327469817907
26.2,10,0.992816311902427,0.983806258250745,0.999371420167266
26.4,10,0.992796606665472,0.983686074842945,0.999497587686699
26.6,10,0.992785225572332,0.983611508889563,0.999584678156294
26.8,10,0.992781936013232,0.983643932826603,0.999737091213468
27,10,0.992786483657204,0.983689962630233,0.9998364320943
27.2,10,0.992798588083642,0.983550365036926,0.999859373915025
27.4,10,0.992817939289684,0.983379170408112,0.999911351790279
27.6,10,0.992844195114256,0.9833838817143,1.00006894563108
27.8,10,0.992876979604358,0.983464458164582,1.00016851839613
28,10,0.992915882333558,0.983459168163383,1.00028638337943
28.2,10,0.992960458666952,0.983409067334138,1.00054445039711
28.4,10,0.993010230951272,0.983501895558203,1.00086063252682
28.6,10,0.99306469059367,0.983573711916716,1.00102529503249
28.8,10,0.993123300978159,0.983719609078392,1.00120049940926
29,10,0.993185501155049,0.983687647897944,1.00133942548337
29.2,10,0.993250710226207,0.983810408669762,1.00153529179748
29.4,10,0.993318332337747,0.983966278990155,1.00174224785107
29.6,10,0.993387762182119,0.984126754249497,1.00188563178159
29.8,10,0.993458390903616,0.984165035616856,1.00207496088394
30,10,0.99352961229522,0.984174486734185,1.00233556147943
30.2,10,0.993600829170586,0.984355336617977,1.00253865469081
30.4,10,0.993671459792925,0.984666513881562,1.00269644663262
30.6,10,0.993740944242538,0.984679919194637,1.002869492123
30.8,10,0.993808750606947,0.984763153624535,1.00303757044158
31,10,0.993874380881706,0.984878131219061,1.00321578972762
31.2,10,0.993937376476224,0.984879141707886,1.00357224550913
31.4,10,0.993997323226938,0.98487036727729,1.00388357755881
31.6,10,0.994053855829977,0.984840442624863,1.00410373184767
31.8,10,0.994106661616711,0.984820573170879,1.00426704368399
32,10,0.994155483608202,0.984782515045341,1.00446406914243
32.2,10,0.994200122798131,0.984716110254634,1.00468050855287
32.4,10,0.994240439628252,0.984607609896181,1.00493702682836
32.6,10,0.994276354635207,0.984501551825933,1.00521220893063
32.8,10,0.994307848262671,0.984458968585651,1.00554797011447
33,10,0.994334959847683,0.984470185546388,1.00583469439517
33.2,10,0.994357785804582,0.984477179002867,1.00595898618244
33.4,10,0.994376477043791,0.98454262908364,1.00621923595852
33.6,10,0.994391235675592,0.984558515817259,1.00645554294647
33.8,10,0.994402311060702,0.984469657339148,1.00652274211724
34,10,0.994409995279776,0.984459503477001,1.00656570570006
34.2,10,0.994414618102645,0.98444192835613,1.006618824173
34.4,10,0.994416541545094,0.984308300743919,1.00666996816548
34.6,10,0.994416154106187,0.984151504588737,1.00673495896889
34.8,10,0.994413864782399,0.9840764351412,1.00688042359555
35,10,0.994410096956312,0.98380549089412,1.00705793286392
35.2,10,0.994405282257129,0.983888572696771,1.00732534879504
35.4,10,0.994399854488093,0.983834839798328,1.00729883698929
35.6,10,0.994394243711963,0.983758658115265,1.00729626892815
35.8,10,0.994388870580216,0.983657388323733,1.0073792875293
36,10,0.99438414098484,0.98350687746877,1.00770284813311
36.2,10,0.994380441103447,0.983352978136979,1.00772950403963
36.4,10,0.994378132899448,0.983224085056338,1.00771337576855
36.6,10,0.994377550129112,0.983111700829091,1.00776127395011
36.8,10,0.994378994896966,0.982985625514711,1.00791704381366
37,10,0.994382734790248,0.982934757929501,1.00798244445825
37.2,10,0.99438900061224,0.983118416233084,1.00813657244909
37.4,10,0.9943979847236,0.983018309400936,1.00843618295728
37.6,10,0.994409839990364,0.98281650946166,1.0085408355332
37.8,10,0.994424679327324,0.982898758384101,1.0086957272345
38,10,0.994442575816259,0.982990315165051,1.00885259299224
38.2,10,0.994463563370003,0.983014388545696,1.00894569979493
38.4,10,0.994487637905797,0.982833781472661,1.0090683153641
38.6,10,0.994514758984922,0.982808157066842,1.00922862150038
38.8,10,0.994544851870147,0.982621288056493,1.00952883328142
39,10,0.994577809948328,0.982570178650107,1.00973147243029
39.2,10,0.994613497462391,0.982535323224382,1.00973598859495
39.4,10,0.99465175249498,0.982350691214994,1.00982042651284
39.6,10,0.994692390145297,0.982117444606782,1.00982184291159
39.8,10,0.994735205840902,0.981857068662923,1.01022222658062
40,10,0.99477997872755,0.981748918108277,1.01039930070913
0,11,1.04677156052321,1.01632056198525,1.10912570907362
0.2,11,1.04671128534637,1.01637299948093,1.10882825100187
0.4,11,1.04664586399846,1.01642483095735,1.10873394946635
0.6,11,1.04657491562926,1.01647561344852,1.10862992326009
0.8,11,1.04649803748788,1.01652486326344,1.1085153415938
1,11,1.04641480449175,1.01659502802249,1.10803976987389
1.2,11,1.0463247689136,1.01664123458027,1.10788256873861
1.4,11,1.04622746020546,1.01668067409904,1.10771937710512
1.6,11,1.04612238497918,1.01667363615037,1.1075422239685
1.8,11,1.04600902716371,1.0166933181768,1.1073730615796
2,11,1.04588684835954,1.01674950650731,1.10728365113496
2.2,11,1.04575528841076,1.01661214432303,1.10732354085734
2.4,11,1.04561376621475,1.01647009725803,1.10735656458791
2.6,11,1.04546168078916,1.01632141280831,1.10725678383021
2.8,11,1.0452984126145,1.01623551576444,1.10713554037691
3,11,1.04512332526947,1.01627796109363,1.10699234880825
3.2,11,1.04493576737434,1.01631127684381,1.10678069973725
3.4,11,1.04473507485534,1.0161542799306,1.10651022947575
3.6,11,1.04452057354059,1.01599077624894,1.10626958240769
3.8,11,1.04429158209478,1.0159848807977,1.10595901385371
4,11,1.04404741529659,1.01598863134722,1.10562070519906
4.2,11,1.04378738765867,1.01593543794398,1.1052837576239
4.4,11,1.043510817386,1.01580137097418,1.10483890340776
4.6,11,1.04321703066379,1.01572221306497,1.10436890361558
4.8,11,1.04290536626104,1.01562628705304,1.10378465607764
5,11,1.04257518043102,1.01547116115465,1.10322753195792
5.2,11,1.0422258520846,1.01526671776887,1.10263487868138
5.4,11,1.04185678820668,1.01497572812669,1.1020538410105
5.6,11,1.0414674294812,1.01476205155696,1.1013857702418
5.8,11,1.04105725608421,1.01447507762676,1.10060376091883
6,11,1.04062579359983,1.01414451352825,1.09983341255442
6.2,11,1.04017261900879,1.01389354265513,1.09901619393934
6.4,11,1.03969736669482,1.01364648737207,1.09813293117924
6.6,11,1.03919973441004,1.01336143045737,1.09712719949647
6.8,11,1.03867948913693,1.01303454520454,1.09600267689979
7,11,1.03813647278176,1.01266081349843,1.09483876103861
7.2,11,1.03757060763208,1.01230905864705,1.09377266690058
7.4,11,1.03698190150946,1.01194482283993,1.09268092060248
7.6,11,1.03637045254862,1.01156931531389,1.09154050204894
7.8,11,1.03573645353409,1.01114874708532,1.09034773835951
8,11,1.03508019572736,1.01064538066124,1.08904245291105
8.2,11,1.03440207211978,1.01019420470814,1.08759817952419
8.4,11,1.03370258005018,1.00970372707399,1.08611180587989
8.6,11,1.0329823231302,1.00926967940157,1.08463080172905
8.8,11,1.03224201242645,1.00880222588619,1.0831272287681
9,11,1.03148246685429,1.00832904121344,1.08156956377127
9.2,11,1.03070461274581,1.00777695891807,1.08013478737945
9.4,11,1.0299094825623,1.00728844781245,1.07846848316032
9.6,11,1.02909821273022,1.00680010494439,1.07677929199856
9.8,11,1.02827204058898,1.00629763926612,1.07508193671381
10,11,1.02743230044854,1.00579032855612,1.07334417562706
10.2,11,1.02658041876464,1.00533059233144,1.07156844144327
10.4,11,1.02571790844976,1.00459104171114,1.06975736446271
10.6,11,1.02484636234793,1.00392451857129,1.06790746648403
10.8,11,1.02396744591151,1.00346778425624,1.06600805032721
11,11,1.02308288912779,1.00305418520934,1.06408263182189
11.2,11,1.0221944777523,1.00263386464653,1.06213466938826
11.4,11,1.02130404391464,1.00200073523708,1.06016391376399
11.6,11,1.02041345617037,1.00134685057073,1.05816679436439
11.8,11,1.01952460907977,1.00079029089406,1.0562394664339
12,11,1.01863941240041,1.0003850391136,1.05422895479035
12.2,11,1.01775977998576,0.999971879813471,1.05220450799267
12.4,11,1.01688761848609,0.999533878339407,1.05020346254367
12.6,11,1.01602481595119,0.999017667233042,1.04819467807296
12.8,11,1.0151732304359,0.99852763951082,1.04618121099426
13,11,1.01433467871071,0.998064763419898,1.04417918232495
13.2,11,1.01351092517877,0.997663605027334,1.04226378689609
13.4,11,1.0127036710993,0.997245978090483,1.0403610506411
13.6,11,1.01191454421484,0.996890669855837,1.0384489648858
13.8,11,1.01114508887587,0.996582244004009,1.03654555778487
14,11,1.0103967567517,0.996223284609452,1.03466449264048
14.2,11,1.00967089821112,0.996053865203291,1.03285393997572
14.4,11,1.00896875444959,0.995892671326001,1.03104886149976
14.6,11,1.00829145043286,0.995538401357843,1.0292783852186
14.8,11,1.00763998871903,0.995195678747572,1.02755759742538
15,11,1.00701524421264,0.994912977390193,1.02588940805392
15.2,11,1.00641795989566,0.994555991376368,1.0242715441265
15.4,11,1.00584874357122,0.994630690646972,1.02267332157193
15.6,11,1.00530806564624,0.994548084297526,1.02112083300965
15.8,11,1.00479625796983,0.994720224691026,1.01963725200205
16,11,1.00431351373453,0.994911364990861,1.0181796131422
16.2,11,1.00385988843785,0.995064428515181,1.01679497926817
16.4,11,1.00343530189207,0.99498891344188,1.01546891606139
16.6,11,1.00303954126076,0.995246905649039,1.0141873744972
16.8,11,1.0026722650916,0.995354382380688,1.01297534688918
17,11,1.00233300830589,0.995526924140696,1.01181397209651
17.2,11,1.00202118809703,0.995635818280533,1.01069785494861
17.4,11,1.00173611068198,0.995837058110033,1.00961681221359
17.6,11,1.00147697884233,0.99594568780685,1.00860880874234
17.8,11,1.0012429001846,0.996182071030729,1.00763703967176
18,11,1.00103289604287,0.996361272458121,1.00670821749828
18.2,11,1.00084591094138,0.996593471181358,1.00585960416059
18.4,11,1.00068082252945,0.996895418905298,1.00502566248267
18.6,11,1.0005364518968,0.997257291123955,1.00424238406957
18.8,11,1.00041157417401,0.997661888472163,1.00350675735067
19,11,1.0003049293199,0.998015781735032,1.00282797119711
19.2,11,1.00021523299597,0.99840525821611,1.00218142608943
19.4,11,1.00014118742691,0.998770540584896,1.00157370905315
19.6,11,1.00008149214628,0.999162523083979,1.00101004880198
19.8,11,1.00003485452724,0.99957608901871,1.00048674497892
20,11,1,1,1
20.2,11,0.999975681860764,0.99954747584541,1.00042561306788
20.4,11,0.999960690580155,0.999126797804428,1.00085579633027
20.6,11,0.999953862524381,0.998739939565133,1.00128850970865
20.8,11,0.999954088007664,0.998382701619911,1.00172272997011
21,11,0.9999603186012,0.998052592940202,1.00216479720807
21.2,11,0.999971573631279,0.997753834384142,1.00260683150951
21.4,11,0.999986945807473,0.997466209845416,1.00306467169989
21.6,11,1.0000056059308,0.997214028245978,1.00351865423605
21.8,11,1.00002680664145,0.996978406103233,1.00393544815795
22,11,1.00004988517609,0.996754080579098,1.0043445592098
22.2,11,1.00007426511523,0.996548234465341,1.0047542488811
22.4,11,1.00009945711278,0.996355129559689,1.00516163184644
22.6,11,1.00012505861109,0.996189139167519,1.00555945278781
22.8,11,1.00015075255626,0.996027720454479,1.00594718620309
23,11,1.00017630514056,0.995898059397685,1.00632522152232
23.2,11,1.00020156260982,0.995770327563395,1.00669286441265
23.4,11,1.00022644718511,0.995662624109201,1.00704419583805
23.6,11,1.00025095215865,0.995559129423771,1.00736397254706
23.8,11,1.00027513623414,0.995469281184989,1.00767188203427
24,11,1.00029911719116,0.995340927245301,1.00796882789771
24.2,11,1.00032306496177,0.995246685762622,1.00826817940687
24.4,11,1.00034719421509,0.995184017740301,1.00855996418013
24.6,11,1.00037175655192,0.995116808103299,1.00884253544406
24.8,11,1.00039703241695,0.995070876290645,1.00913841564945
25,11,1.00042332283952,0.995041863489388,1.00941417583632
25.2,11,1.00045094111653,0.995020914878507,1.00964384194583
25.4,11,1.00048020455208,0.994970792307898,1.00988974747317
25.6,11,1.00051142636732,0.99487480729225,1.01013628975169
25.8,11,1.00054490789232,0.994821194572781,1.01039981737055
26,11,1.0005809311475,0.994773135062747,1.01066519414225
26.2,11,1.00061975191703,0.994694351935993,1.01096681653454
26.4,11,1.00066159340958,0.994651624643216,1.0112712679865
26.6,11,1.00070664059366,0.994610603665337,1.01157222771969
26.8,11,1.00075503528486,0.994565344547952,1.01180497969321
27,11,1.00080687205164,0.994502405465083,1.01214297821442
27.2,11,1.00086219499419,0.994479083701139,1.01242825955753
27.4,11,1.00092099543795,0.994540327552417,1.01269361369639
27.6,11,1.00098321056968,0.994499550125112,1.01295656180549
27.8,11,1.00104872302997,0.994473932621632,1.01320473923139
28,11,1.00111736146109,0.994443704770659,1.01339983785695
28.2,11,1.00118890199489,0.994404355085703,1.01359699648447
28.4,11,1.0012630706505,0.9943750583558,1.01389591844392
28.6,11,1.00133954659773,0.994351881666769,1.01422697586398
28.8,11,1.00141796622818,0.994366443221932,1.01459577472749
29,11,1.00149792796372,0.9943740023096,1.01490447287455
29.2,11,1.00157899771989,0.99444079289601,1.01526145795962
29.4,11,1.00166071493181,0.994460414338662,1.01558886582397
29.6,11,1.00174259904102,0.99448059902019,1.01593840053742
29.8,11,1.00182415633452,0.994489081078956,1.01618679394586
30,11,1.00190488702196,0.994486398367678,1.01636911292427
30.2,11,1.00198429243318,0.994437701621282,1.01658798261847
30.4,11,1.00206188221717,0.99442814722857,1.01679369474352
30.6,11,1.00213718142356,0.994407570375619,1.01698539612236
30.8,11,1.00220973735098,0.994497058349241,1.01716233825345
31,11,1.00227912605074,0.994478125009759,1.01747030969289
31.2,11,1.00234495838117,0.994460128920827,1.01775150849211
31.4,11,1.00240688551622,0.994438747236872,1.01788046194511
31.6,11,1.00246460382212,0.994415869449011,1.01799617627573
31.8,11,1.00251785902743,0.994371484744471,1.01820810899313
32,11,1.00256644962461,0.994314043526801,1.01823818906936
32.2,11,1.00261022945508,0.994308904486529,1.01827809489192
32.4,11,1.00264910944445,0.994344019524899,1.01831421889663
32.6,11,1.00268305846944,0.994274472372695,1.01830513337195
32.8,11,1.00271210335339,0.994246661584806,1.01840846139962
33,11,1.00273632800211,0.99427960987643,1.01840827301791
33.2,11,1.00275587170655,0.994256374406052,1.01858617400948
33.4,11,1.00277092665268,0.994246071249624,1.01850964668988
33.6,11,1.00278173469167,0.994232969726838,1.01905702328118
33.8,11,1.00278858343531,0.994205107905393,1.01921054512308
34,11,1.0027918017519,0.994191772684762,1.01935420283588
34.2,11,1.00279175474613,0.994107717312685,1.01941868433129
34.4,11,1.00278883831388,0.993991946508948,1.01936642533653
34.6,11,1.0027834733674,0.993924805768059,1.01941596959302
34.8,11,1.00277609982994,0.993912946283957,1.01920031892466
35,11,1.00276717049986,0.993700017647327,1.01931469018855
35.2,11,1.00275714488374,0.993477396027966,1.01928460829467
35.4,11,1.00274648309571,0.993348188160317,1.0191691712057
35.6,11,1.00273563991589,0.993171972617946,1.01944174330575
35.8,11,1.00272505909535,0.993100559997398,1.01946525423256
36,11,1.00271516798784,0.993046885041123,1.01951818629726
36.2,11,1.00270637258021,0.992964863269891,1.01970131538171
36.4,11,1.00269905298428,0.992800280803695,1.01974748323583
36.6,11,1.00269355944281,0.992586750285014,1.01988940435265
36.8,11,1.0026902088915,0.992431781835228,1.01979898847654
37,11,1.00268928210818,0.992312213708172,1.0198900787911
37.2,11,1.00269102146921,0.992199194739016,1.02025196561184
37.4,11,1.0026956293222,0.99202691887491,1.02059669194275
37.6,11,1.00270326697348,0.991785976153678,1.02076941311049
37.8,11,1.0027140542789,0.991588174297805,1.02087365894947
38,11,1.00272806981684,0.991457804744304,1.02088210272482
38.2,11,1.00274535161398,0.991366386318987,1.0210576580934
38.4,11,1.00276589838652,0.991340638595002,1.02135080665476
38.6,11,1.00278967125319,0.991205550701065,1.02164646767716
38.8,11,1.0028165958708,0.990985535555521,1.02189083546146
39,11,1.0028465649388,0.990843716264785,1.02213455659569
39.2,11,1.00287944101618,0.990567803957724,1.02237927174642
39.4,11,1.00291505959225,0.990311122889816,1.0226809220726
39.6,11,1.00295323235174,0.990137622288678,1.02294058814896
39.8,11,1.00299375057541,0.989939095023712,1.02311302182833
40,11,1.00303638861811,0.989573500441926,1.02348366972506
0,12,1.03711115313706,1.00479541081091,1.07541047228038
0.2,12,1.03706305595682,1.0047921919751,1.075309485604
0.4,12,1.03701091002033,1.00478861225359,1.07528217727838
0.6,12,1.03695441470639,1.00478463811952,1.0752482598328
0.8,12,1.03689325134253,1.00478023378901,1.07520694727636
1,12,1.03682708274105,1.00477536116763,1.07496850124804
1.2,12,1.03675555282404,1.0048140886155,1.07488129663935
1.4,12,1.03667828635373,1.00485448209875,1.07478623149486
1.6,12,1.0365948887854,1.00491450566078,1.07468264363208
1.8,12,1.03650494626044,1.0048126093989,1.07456982598548
2,12,1.03640802575766,1.00474247426321,1.07444702563666
2.2,12,1.03630367542131,1.00473385870057,1.07431344315119
2.4,12,1.03619142508373,1.00472444154324,1.07415036184054
2.6,12,1.0360707870008,1.00477450156016,1.07395791831609
2.8,12,1.035941256817,1.00482154862022,1.07373424414475
3,12,1.03580231477648,1.00479663698281,1.07342747899629
3.2,12,1.03565342719473,1.00476457943356,1.07310642711017
3.4,12,1.03549404820382,1.00472989852086,1.07280001501059
3.6,12,1.03532362178229,1.00469249071811,1.07241739623371
3.8,12,1.03514158407776,1.00482338598325,1.07189752040649
4,12,1.03494736602804,1.00478056015843,1.07155786698782
4.2,12,1.03474039628282,1.00470716123875,1.07125522005313
4.4,12,1.0345201044247,1.00465821397852,1.07083030378839
4.6,12,1.03428592448426,1.00461649154441,1.07038521027958
4.8,12,1.03403729873986,1.00456776169716,1.06991906283015
5,12,1.03377368178842,1.00450322561348,1.06944262964938
5.2,12,1.03349454486855,1.00447088357692,1.06899685886329
5.4,12,1.03319938041329,1.00443425290885,1.0685421084209
5.6,12,1.0328877068044,1.00432338059458,1.06788231169128
5.8,12,1.03255907329563,1.00417310450513,1.0674329365257
6,12,1.03221306506794,1.00408578950914,1.06689454181286
6.2,12,1.03184930837484,1.00398778188392,1.06622599089678
6.4,12,1.03146747573215,1.0038419757452,1.06557228976972
6.6,12,1.03106729110252,1.00375453854032,1.06490755667311
6.8,12,1.03064853502168,1.00368147077567,1.06412966240252
7,12,1.03021104961055,1.00360772384268,1.0633829065693
7.2,12,1.02975474341522,1.00359950221616,1.06264186086911
7.4,12,1.02927959601495,1.00352793375891,1.06194530119415
7.6,12,1.02878566233781,1.0033892734403,1.06120075002609
7.8,12,1.02827307662347,1.00331730533633,1.06041496666016
8,12,1.02774205597317,1.00322647757643,1.05958768174399
8.2,12,1.02719290342914,1.00305912918521,1.05871880219083
8.4,12,1.02662601052767,1.0029248702356,1.0578084202415
8.6,12,1.02604185927391,1.00275136377513,1.05685725131745
8.8,12,1.02544102349047,1.00251330843983,1.05586932573932
9,12,1.02482416949739,1.00227971336921,1.05479859860265
9.2,12,1.02419205608637,1.00205163656961,1.05366572666996
9.4,12,1.02354553375952,1.00187577279918,1.05249782961259
9.6,12,1.02288554320946,1.00170549624948,1.05129763179275
9.8,12,1.02221311302596,1.00151069052447,1.05006678855966
10,12,1.0215293566223,1.001283499923,1.04880647069155
10.2,12,1.02083546838311,1.00111376228265,1.04751889648844
10.4,12,1.02013271904455,1.00101753985963,1.04620643194572
10.6,12,1.0194224503263,1.00088664754467,1.04487157887778
10.8,12,1.0187060688438,1.00071948750682,1.04364244987897
11,12,1.01798503933797,1.00047982903491,1.04245443849569
11.2,12,1.01726087726784,1.00016496502627,1.04111759896709
11.4,12,1.01653514081975,0.999994541074405,1.03968951963789
11.6,12,1.01580942239397,0.999854085635862,1.0382505158593
11.8,12,1.0150853396364,0.999635946830235,1.03687538234652
12,12,1.01436452608942,0.999243538881896,1.0354170667528
12.2,12,1.01364862154055,0.999063917085585,1.03394533567067
12.4,12,1.01293926215256,0.998884035415343,1.03255640208788
12.6,12,1.01223807046157,0.998633857480316,1.03114616875459
12.8,12,1.01154664533236,0.998433505727021,1.02974499576124
13,12,1.01086655196136,0.998107145912042,1.02835491726693
13.2,12,1.01019931201823,0.998081911646631,1.02700229023829
13.4,12,1.00954639401619,0.997904188436622,1.02569597780865
13.6,12,1.00890920399973,0.997778151722482,1.0244160510831
13.8,12,1.00828907663564,0.997557584244897,1.02311795430019
14,12,1.00768726678985,0.997318077425801,1.02184628072729
14.2,12,1.00710494166804,0.997052824855343,1.0206385768179
14.4,12,1.00654317359303,0.996751900281804,1.01940176825074
14.6,12,1.00600293348566,0.996526856825521,1.01819805488832
14.8,12,1.00548508510989,0.996295308213856,1.01702203852789
15,12,1.0049903801349,0.996161183723815,1.01587480242182
15.2,12,1.00451945406021,0.996004442188642,1.01478686023127
15.4,12,1.00407282304093,0.995926511137379,1.01376885724429
15.6,12,1.00365088164266,0.995737575948811,1.01274194864657
15.8,12,1.00325390154629,0.995731493717347,1.01176461252373
16,12,1.00288203121458,0.995647963406122,1.01086915169627
16.2,12,1.00253529652338,0.995683969834576,1.01004132942283
16.4,12,1.00221360235157,0.995650545801192,1.00927281692883
16.6,12,1.00191673511478,0.99564053273843,1.00847665834734
16.8,12,1.0016443662197,0.995778723526903,1.00774551222852
17,12,1.00139605640699,0.995873627938055,1.00708025428882
17.2,12,1.00117126094272,0.995912428846576,1.00644072517655
17.4,12,1.00096933561069,0.99604876386644,1.00581218583045
17.6,12,1.00078954345016,0.996166117994152,1.00516263372449
17.8,12,1.00063106217695,0.996335631562464,1.00461103612724
18,12,1.00049299221912,0.99653639633419,1.00408094550466
18.2,12,1.00037436529273,0.996811012761556,1.00355987392773
18.4,12,1.00027415343804,0.997086194376946,1.00303573225104
18.6,12,1.00019127843151,0.997386891521508,1.00254292418718
18.8,12,1.00012462148571,0.997689214668437,1.00209782356023
19,12,1.0000730331456,0.998053923022298,1.00168683442562
19.2,12,1.00003534328777,0.998410176968896,1.00130233914427
19.4,12,1.0000103711275,0.998780353432747,1.00093787847846
19.6,12,0.999996935138218,0.999180419697619,1.00060306408887
19.8,12,0.999993862788127,0.999588594118606,1.00029339114028
20,12,1,1,1
20.2,12,1.00001422024265,0.999723771361809,1.00041542770592
20.4,12,1.00003543316552,0.999463408864498,1.0008376608189
20.6,12,1.0000625926921,0.999226616422709,1.00126465325471
20.8,12,1.00009470449298,0.99900355583483,1.00169258771122
21,12,1.0001308327654,0.998795220387537,1.00210727800692
21.2,12,1.0001701062529,0.998609553596568,1.00253082710888
21.4,12,1.00021172344671,0.998442075223664,1.00294518577086
21.6,12,1.00025495691872,0.998261452574525,1.00336209431741
21.8,12,1.00029915674547,0.998070322069343,1.0037647782259
22,12,1.00034375299222,0.997893594182977,1.00416140214689
22.2,12,1.00038825723666,0.997739057843473,1.00456823942518
22.4,12,1.00043226312283,0.997575840055709,1.00496651646214
22.6,12,1.00047544594667,0.997412909935237,1.00535286598508
22.8,12,1.00051756128627,0.997283977547481,1.00570620703474
23,12,1.00055844270123,0.997117598456947,1.00607033571767
23.2,12,1.00059799853656,0.996938683086908,1.0064113780626
23.4,12,1.00063620787801,0.996784004776113,1.00674642995897
23.6,12,1.00067311571621,0.996653215048769,1.00704431371299
23.8,12,1.00070882738693,0.99654390385929,1.00731447645744
24,12,1.00074350236451,0.99643015432308,1.00760655269184
24.2,12,1.00077734749389,0.9963512689819,1.00798186093211
24.4,12,1.00081060975428,0.996240358593926,1.00836276918934
24.6,12,1.00084356865399,0.996111394370946,1.00866601989156
24.8,12,1.00087652836131,0.995995459061699,1.00892956153581
25,12,1.00090980968003,0.995900838100298,1.00918926572461
25.2,12,1.00094374198082,0.99582600842441,1.00944626833302
25.4,12,1.00097865520071,0.995716040764509,1.00966857940582
25.6,12,1.00101487202228,0.995587573673088,1.00978671059386
25.8,12,1.00105270034203,0.995530468064957,1.01002428887553
26,12,1.00109242613388,0.995533876586923,1.01026385534019
26.2,12,1.00113430680819,0.995467607235867,1.010470557643
26.4,12,1.00117856516026,0.995307708855197,1.01062673838222
26.6,12,1.0012253839938,0.995231196429295,1.01084781335434
26.8,12,1.00127490149532,0.995177411692928,1.0111407805037
27,12,1.00132720742465,0.995152358362018,1.01144456876483
27.2,12,1.00138234017482,0.995077693846354,1.01170915139071
27.4,12,1.00144028474164,0.995072677868563,1.01192723170177
27.6,12,1.00150097162972,0.995020959685154,1.01215123055813
27.8,12,1.00156427670746,0.995028348703237,1.01233963744452
28,12,1.00163002200912,0.995058287252391,1.01244953317888
28.2,12,1.00169797746722,0.995043350885647,1.01271317335956
28.4,12,1.00176786354428,0.995056790089477,1.01295607922085
28.6,12,1.00183935471838,0.99506570759926,1.0131736991351
28.8,12,1.00191208376398,0.995101268438497,1.01336514082897
29,12,1.00198564675612,0.995106096428237,1.01358707159951
29.2,12,1.00205960871508,0.995126164953726,1.01382936283562
29.4,12,1.00213350979776,0.995161585335991,1.01401606915174
29.6,12,1.00220687193348,0.995230400414691,1.01451473179879
29.8,12,1.0022792057947,0.995298822320904,1.01490078646057
30,12,1.0023500179876,0.995370032674181,1.01511065518554
30.2,12,1.00241881834431,0.995423409255401,1.01532848391702
30.4,12,1.00248512719699,0.995469185606707,1.01549623106179
30.6,12,1.00254848251468,0.995458637364368,1.01564025944802
30.8,12,1.00260844678666,0.995497841998111,1.01578271447603
31,12,1.00266461354066,0.995460654611163,1.0159230219093
31.2,12,1.00271661339124,0.995494639580716,1.01616647985451
31.4,12,1.0027641195219,0.995477613717272,1.01643833185116
31.6,12,1.00280685251523,0.99539653669362,1.01673016730087
31.8,12,1.00284458445651,0.995362494861882,1.01678421425505
32,12,1.00287714224983,0.995195803899282,1.01682293578757
32.2,12,1.00290441009944,0.995036332189785,1.01696887752507
32.4,12,1.0029263311238,0.994986596687713,1.01714938706968
32.6,12,1.00294290808517,0.994919476566951,1.01720104040006
32.8,12,1.00295420323296,0.994802394270922,1.01741220243238
33,12,1.00296033727382,0.99467991231568,1.01741316063249
33.2,12,1.00296148749682,0.99462164190011,1.01747731078122
33.4,12,1.00295788509552,0.99460282024483,1.01747344458173
33.6,12,1.00294981174205,0.99456318547175,1.01750962770922
33.8,12,1.00293759547979,0.994407960086533,1.01770567714405
34,12,1.0029216060119,0.994170876601692,1.01782505918712
34.2,12,1.00290224947117,0.99403985885248,1.01780661661192
34.4,12,1.0028799627639,0.994046821901594,1.0178596846912
34.6,12,1.00285520758542,0.993971527242568,1.01790908666979
34.8,12,1.00282846420796,0.993780517879957,1.01805140528579
35,12,1.0028002251428,0.993688460430088,1.0181271337631
35.2,12,1.00277098877806,0.993543518003021,1.01825361161152
35.4,12,1.00274125309067,0.993338444712802,1.01843708330369
35.6,12,1.00271150952725,0.993156854764178,1.01855513923437
35.8,12,1.00268223714242,0.993057349561668,1.01847741428492
36,12,1.00265389707607,0.993009316443741,1.01843962982692
36.2,12,1.0026269274427,0.99288258092976,1.01848073433258
36.4,12,1.00260173869631,0.992691109389632,1.0187134793205
36.6,12,1.00257870952428,0.992519293647883,1.01874304165056
36.8,12,1.00255818331286,0.992361687705358,1.01894787471981
37,12,1.00254046521562,0.992116302905523,1.01904884280961
37.2,12,1.00252581984523,0.991830717927838,1.0191817359343
37.4,12,1.00251446959773,0.991533819502078,1.01931806412237
37.6,12,1.00250659360762,0.991356349115199,1.01948147011043
37.8,12,1.00250232732211,0.991274045022327,1.01963480589667
38,12,1.00250176267297,0.991080856288153,1.01974867342206
38.2,12,1.002504948816,0.990915516822208,1.01986611710759
38.4,12,1.00251189340036,0.990716159295725,1.01997756685231
38.6,12,1.00252256432309,0.990612193310279,1.0200589937694
38.8,12,1.0025368919188,0.990446330325462,1.02020945616474
39,12,1.00255477153014,0.99019220243411,1.02036020616968
39.2,12,1.00257606640132,0.989985562488034,1.02053582581509
39.4,12,1.00260061083505,0.98971822980772,1.02059632430385
39.6,12,1.0026282135525,0.989482724544812,1.02066256277683
39.8,12,1.00265866119586,0.989318095252962,1.02080027730778
40,12,1.00269172191486,0.989070551025543,1.02101053238448
0,13,1.02193840011395,0.985225783576025,1.05979724371479
0.2,13,1.02187584825148,0.985258583138517,1.05918889062803
0.4,13,1.02180938148513,0.985390651287087,1.05857267243882
0.6,13,1.02173883141531,0.985445094470919,1.05780048002699
0.8,13,1.02166402621783,0.98554711048213,1.05712355700352
1,13,1.02158479065375,0.985652685270142,1.05651180654364
1.2,13,1.02150094608662,0.985761680562082,1.05593505142136
1.4,13,1.02141231051237,0.985873934081554,1.05551372130939
1.6,13,1.02131869860782,0.985989259635287,1.05529428156476
1.8,13,1.02121992180446,0.986107447456071,1.05506282860032
2,13,1.02111578839518,0.986155671007595,1.05481894831724
2.2,13,1.02100610368196,0.986183610467774,1.05423226043724
2.4,13,1.02089067017343,0.986136534338383,1.05324661702174
2.6,13,1.02076928784146,0.986088817234495,1.05289230556653
2.8,13,1.02064175444636,0.986203737168001,1.05256982285052
3,13,1.02050786594043,0.986521243371255,1.05192538922074
3.2,13,1.02036741695949,0.986565089198463,1.05167691001066
3.4,13,1.02022020141203,0.986589512970176,1.05157591159502
3.6,13,1.02006601317484,0.986471666602791,1.05070380879566
3.8,13,1.01990464690354,0.986575830992889,1.05050430399933
4,13,1.01973589896558,0.986867604075412,1.05027417105797
4.2,13,1.01955956850183,0.986913146483977,1.04914034195605
4.4,13,1.01937545862177,0.986985665045989,1.04862529108187
4.6,13,1.01918337773542,0.987023454576879,1.0480430030689
4.8,13,1.01898314102348,0.986941276645216,1.04764202866642
5,13,1.01877457204488,0.986845745487832,1.04740629407012
5.2,13,1.01855750447871,0.986857694442472,1.04647455117908
5.4,13,1.01833178399508,0.986918066542458,1.04620623374857
5.6,13,1.01809727024682,0.987059947312215,1.04593681985289
5.8,13,1.01785383897127,0.98716611685914,1.04563527602145
6,13,1.01760138418861,0.987187613495546,1.04486606750865
6.2,13,1.01733982048054,0.987250374913004,1.04423191219088
6.4,13,1.0170690853301,0.987329218583277,1.04351436799087
6.6,13,1.01678914150132,0.987408499475137,1.04317447572049
6.8,13,1.0164999794342,0.987477163381502,1.04287422602569
7,13,1.01620161962884,0.98762878306353,1.04235778967998
7.2,13,1.01589411499012,0.98769523847346,1.04176815847539
7.4,13,1.01557755310263,0.987722972944406,1.04114693724569
7.6,13,1.01525205840428,0.987822511979245,1.04016733272359
7.8,13,1.01491779422577,0.987909823087401,1.03942989501248
8,13,1.01457496466273,0.98795755111037,1.03863367134764
8.2,13,1.01422381624695,0.988004436666697,1.03789580944456
8.4,13,1.01386463938382,0.988052796904804,1.03711172659628
8.6,13,1.0134977695235,0.988201134896104,1.03647918333439
8.8,13,1.01312358803521,0.988338212726066,1.03585613468083
9,13,1.01274252275551,0.988435809610483,1.0351418662125
9.2,13,1.01235504818408,0.988538915325155,1.03427677988058
9.4,13,1.01196168530331,0.988663150626556,1.03356210424235
9.6,13,1.01156300100152,0.98876151909496,1.0327429747133
9.8,13,1.01115960708311,0.988835450249838,1.03187350544693
10,13,1.01075215885352,0.988980578333374,1.03106059166597
10.2,13,1.01034135327113,0.989096304833343,1.03030306138194
10.4,13,1.00992792666315,0.989154240115098,1.02949935381353
10.6,13,1.00951265200753,0.98914317504027,1.02858214867589
10.8,13,1.00909633578812,0.98911590854769,1.02765263562394
11,13,1.00867981443563,0.989047186371842,1.02676157616079
11.2,13,1.00826395037199,0.988953638558232,1.02594704454777
11.4,13,1.00784962768115,0.988881767196692,1.02512154783664
11.6,13,1.00743774743427,0.988926996898445,1.0242921777755
11.8,13,1.00702922270197,0.989026219085215,1.02345894904458
12,13,1.00662497329114,0.989179390433131,1.02258029330439
12.2,13,1.00622592024777,0.989393208634473,1.02168785735228
12.4,13,1.00583298017097,0.989580904473605,1.02092774335155
12.6,13,1.00544705938705,0.989792762828593,1.02004501191111
12.8,13,1.00506904803487,0.990073940679526,1.01928502008312
13,13,1.00469981411623,0.990278916804553,1.01847312847598
13.2,13,1.00434019756669,0.990436469923889,1.01766611808635
13.4,13,1.00399100440323,0.990604281310593,1.01685471662927
13.6,13,1.00365300100565,0.99088178040831,1.01603261212242
13.8,13,1.0033269085884,0.991128382958083,1.01521459454793
14,13,1.00301339791892,0.991422385288118,1.01441390539777
14.2,13,1.00271308433679,0.991639986620127,1.01371487236463
14.4,13,1.00242652312644,0.991920567012123,1.01294715951852
14.6,13,1.00215420529311,0.992155491329091,1.0121883351287
14.8,13,1.00189655378895,0.992283035255272,1.01145854258184
15,13,1.00165392023238,0.992530461897199,1.0107473103799
15.2,13,1.00142658215936,0.992846701958181,1.01004877469348
15.4,13,1.00121474084123,0.993100082088839,1.00940592212802
15.6,13,1.00101851969813,0.99335231823828,1.00883413452466
15.8,13,1.00083796333191,0.993605947157744,1.00825779213468
16,13,1.00067303719689,0.993867445135304,1.00768233447685
16.2,13,1.00052362792059,0.994119868521045,1.007069829638
16.4,13,1.00038954428049,0.994373439844566,1.00648942154624
16.6,13,1.00027051883675,0.994600016251989,1.00597332774276
16.8,13,1.00016621021403,0.994897743479085,1.00547470407875
17,13,1.0000762060195,0.995179687788403,1.00498594945566
17.2,13,1.00000002637729,0.995512572335927,1.00453389001664
17.4,13,0.999937128053558,0.995802917251226,1.00418542829729
17.6,13,0.999886909139868,0.99603855146424,1.00372671695159
17.8,13,0.99984871425656,0.996338575118107,1.00336065526576
18,13,0.999821840232016,0.996671762267941,1.0029644168351
18.2,13,0.999805542208083,0.997027191217858,1.00259577705018
18.4,13,0.999799040116803,0.997373844519062,1.00223315466644
18.6,13,0.999801525468832,0.99771595160307,1.00191216156221
18.8,13,0.999812168389644,0.998050831082539,1.00160698839437
19,13,0.999830124835914,0.998347400410301,1.0013130597542
19.2,13,0.999854543921318,0.998693449831164,1.00104314955817
19.4,13,0.999884575278532,0.999032498849214,1.00077337615259
19.6,13,0.999919376382427,0.999360034863693,1.00051686413377
19.8,13,0.999958119758455,0.999683990289978,1.00025890201524
20,13,1,1,1
20.2,13,1.00004424051908,0.999751237740671,1.00031762094171
20.4,13,1.00009009995627,0.999503407005236,1.00063173627395
20.6,13,1.00013687817813,0.99924780430431,1.00094685132097
20.8,13,1.00018392179355,0.999019964666969,1.00126988543468
21,13,1.00023062912481,0.998772965640857,1.001569940044
21.2,13,1.00027645457393,0.99853549714031,1.0018615269462
21.4,13,1.00032091233108,0.998260406651391,1.00215132698717
21.6,13,1.00036357937826,0.997981050873555,1.00241802117861
21.8,13,1.0004040977493,0.99769549988073,1.00270240994946
22,13,1.00044217601509,0.9974193981841,1.00295881313918
22.2,13,1.00047758997216,0.997152214204359,1.00322484496961
22.4,13,1.00051018252181,0.996866866850004,1.00348421238959
22.6,13,1.00053986273705,0.996572985100989,1.00374172660331
22.8,13,1.00056660412468,0.99630429271382,1.00398322513015
23,13,1.00059044209999,0.996076046117518,1.00421806633725
23.2,13,1.00061147070239,0.99590736611144,1.00445252657248
23.4,13,1.00062983859,0.995668023794873,1.0046510569463
23.6,13,1.00064574436174,0.995421014311715,1.00487058943426
23.8,13,1.00065943126496,0.995148951814262,1.00508925759613
24,13,1.00067118135555,0.994869274172323,1.0053015902134
24.2,13,1.00068130918624,0.994592740690669,1.00549673160196
24.4,13,1.00069015510603,0.994340069166377,1.00563997711242
24.6,13,1.00069807826044,0.994123823215035,1.00577017214664
24.8,13,1.00070544938756,0.993818431391753,1.00594144584209
25,13,1.00071264350921,0.993577677692574,1.00606793955257
25.2,13,1.00072003261935,0.993321643695623,1.00614196827781
25.4,13,1.00072797847319,0.993106760042676,1.00629748935664
25.6,13,1.00073682558067,0.992955588579338,1.00641478079347
25.8,13,1.00074689450609,0.992757485657689,1.00656889919074
26,13,1.00075847557282,0.992552617781773,1.0067344798123
26.2,13,1.00077182306714,0.992358940122965,1.00688407820696
26.4,13,1.00078715002919,0.992176986082947,1.00701364413155
26.6,13,1.00080462371139,0.992007210171659,1.00715815393658
26.8,13,1.00082436177553,0.991849983678967,1.00728024726282
27,13,1.00084642928953,0.991688390108304,1.00744942226185
27.2,13,1.00087083657355,0.991626959557119,1.0076473758811
27.4,13,1.00089753793249,0.991613932962704,1.0078049099784
27.6,13,1.00092643129883,0.991681383708815,1.00792741681793
27.8,13,1.00095735879605,0.991786969112719,1.00796235295539
28,13,1.00099010821854,0.991699758885103,1.00810321148603
28.2,13,1.00102441540941,0.991706636526051,1.00824964444008
28.4,13,1.00105996750379,0.991782788686279,1.0082403837604
28.6,13,1.00109640699062,0.99182768314088,1.00838240039892
28.8,13,1.00113333653316,0.991934741145162,1.00856048921028
29,13,1.00117032447532,0.991919794649844,1.00877145131283
29.2,13,1.00120691094984,0.991661811141056,1.00901193814693
29.4,13,1.00124261449384,0.991498637040374,1.00919588439713
29.6,13,1.00127693906853,0.991545483896885,1.00945895063776
29.8,13,1.00130938137279,0.991597708829654,1.0096860842588
30,13,1.00133943833518,0.991620024310738,1.00983780591871
30.2,13,1.00136661466532,0.991533264384119,1.00995579138848
30.4,13,1.0013904303445,0.991668990800342,1.01012774182182
30.6,13,1.00141042793615,0.991559828009974,1.01039402223558
30.8,13,1.00142617959945,0.991443236762004,1.01058411048105
31,13,1.00143729369469,0.991381286381577,1.01069219069237
31.2,13,1.00144342087537,0.991317940753301,1.01087814721549
31.4,13,1.00144425957129,0.99127159473957,1.01102251740276
31.6,13,1.00143956077714,0.991111743331002,1.01112127639799
31.8,13,1.00142913207292,0.990998312924616,1.01128111515119
32,13,1.00141284081619,0.990871008483411,1.01144766952667
32.2,13,1.00139061646009,0.99078803932396,1.01161596910792
32.4,13,1.00136245196621,0.990514478897139,1.01171371010862
32.6,13,1.00132840429693,0.99031640160385,1.01193995931334
32.8,13,1.00128859398745,0.990004281581493,1.01198587787467
33,13,1.00124320381306,0.989786937617553,1.01204558702569
33.2,13,1.00119247658244,0.989433892429244,1.0121273748464
33.4,13,1.00113671210173,0.989197306797498,1.01224071990667
33.6,13,1.00107626336753,0.988856363948069,1.01234558587609
33.8,13,1.00101153205882,0.988533173584902,1.01242873192794
34,13,1.00094296340828,0.988166075061982,1.01257509873725
34.2,13,1.0008710405423,0.987794529447127,1.01266519931634
34.4,13,1.00079627838583,0.987356209809241,1.01273683654739
34.6,13,1.00071921723358,0.986860061177447,1.01276610963799
34.8,13,1.00064041609181,0.986682034939899,1.01271254940421
35,13,1.00056044589664,0.986126426889421,1.01265006419286
35.2,13,1.00047988271356,0.985839872948174,1.01258301483771
35.4,13,1.00039930102051,0.98566025202055,1.0125225582072
35.6,13,1.00031926717245,0.985219157982829,1.01265689876334
35.8,13,1.00024033313941,0.98489640243552,1.01270678135034
36,13,1.0001630306024,0.98442447227812,1.01275211097032
36.2,13,1.00008786548316,0.983931669307061,1.01281418971707
36.4,13,1.0000153129739,0.98338408003649,1.01282527355791
36.6,13,0.999945813122632,0.982920119466513,1.01280739107531
36.8,13,0.999879767018757,0.982462211654791,1.01276144988193
37,13,0.999817533611968,0.981942919429893,1.01284303379961
37.2,13,0.999759427186222,0.981502174279944,1.01289495482925
37.4,13,0.999705715498935,0.980957758956653,1.01291509436224
37.6,13,0.999656618584581,0.980636402955628,1.01298920731398
37.8,13,0.999612308211277,0.980372643765116,1.01315678241621
38,13,0.999572907969057,0.97990325414299,1.01332088650764
38.2,13,0.999538493959544,0.979448277679404,1.01346617597706
38.4,13,0.999509096048642,0.979043585002788,1.01369276320118
38.6,13,0.999484699636916,0.978604553180635,1.01395949527175
38.8,13,0.999465247896484,0.978217700764861,1.01414300072988
39,13,0.999450644418601,0.97804590506628,1.01426771064661
39.2,13,0.9994407562127,0.977943757627454,1.01450584825214
39.4,13,0.999435416995444,0.977743250261649,1.01465770258061
39.6,13,0.999434430707288,0.977394020440618,1.01483210348347
39.8,13,0.999437575194192,0.976920912346633,1.01484158471551
40,13,0.999444605993239,0.976586639232575,1.01528984917345
0,14,0.998587754867958,0.955194417587631,1.02857546330375
0.2,14,0.998565253202181,0.955282173141032,1.02853048527863
0.4,14,0.998541742362292,0.9554062530425,1.02838018317424
0.6,14,0.998517216969182,0.955780160616228,1.02825404503636
0.8,14,0.998491674095683,0.955902907307235,1.02824256215949
1,14,0.998465113264676,0.956022007383377,1.02818998787419
1.2,14,0.998437536425888,0.95614854633001,1.02815305533834
1.4,14,0.998408947912047,0.956392790086757,1.02798942345685
1.6,14,0.998379354375566,0.956838861539518,1.0278158342029
1.8,14,0.998348764707391,0.957099886517804,1.02772178690905
2,14,0.998317189940161,0.957304431758838,1.02759573995905
2.2,14,0.998284643138253,0.957556380228951,1.02754490443013
2.4,14,0.998251139277807,0.957763130141049,1.02719413353461
2.6,14,0.998216695120196,0.957981477278652,1.02704092950472
2.8,14,0.998181329082824,0.95824010408422,1.02680718663681
3,14,0.998145061111465,0.958499840091358,1.02658477406649
3.2,14,0.998107912558619,0.95880094966324,1.02643805261755
3.4,14,0.998069906072588,0.95914602749789,1.02622779259441
3.6,14,0.998031065502061,0.960006699918801,1.02600906428487
3.8,14,0.997991415821085,0.960692818461783,1.02577118439844
4,14,0.997950983079193,0.961170536400733,1.02554598719185
4.2,14,0.997909794381331,0.961719610966877,1.02533943610061
4.4,14,0.997867877901965,0.962088956862388,1.02515595671766
4.6,14,0.99782526293738,0.962627447333167,1.02493295402308
4.8,14,0.997781979999719,0.963287846870673,1.02468833110981
5,14,0.99773806095573,0.963602925875576,1.02442846791437
5.2,14,0.997693539212558,0.96420402927209,1.02412542125221
5.4,14,0.997648449952095,0.964868592940902,1.02377923150364
5.6,14,0.997602830414637,0.965355015188803,1.02346397804735
5.8,14,0.997556720231607,0.965504338811292,1.02326952693795
6,14,0.997510161806163,0.965811160060402,1.02295585833286
6.2,14,0.997463200739481,0.966101409345328,1.02263431190804
6.4,14,0.997415886299413,0.966498918454812,1.02235924632342
6.6,14,0.997368271927165,0.967059989616964,1.02201293128125
6.8,14,0.997320415776541,0.967466302011199,1.02169813725846
7,14,0.997272381279229,0.967746003475422,1.02138652564973
7.2,14,0.99722423772859,0.968047424315974,1.02108169675961
7.4,14,0.997176060873409,0.968417398952857,1.02075989506565
7.6,14,0.997127933512182,0.96891401030447,1.02037140001563
7.8,14,0.997079946077672,0.969420789013465,1.01991904043292
8,14,0.997032197200773,0.9697481013311,1.01950958322872
8.2,14,0.99698479424214,0.969788182787559,1.01901328310843
8.4,14,0.996937853779564,0.970012367366639,1.01852224547012
8.6,14,0.996891502038815,0.970486322377041,1.01801746397778
8.8,14,0.996845875255517,0.970999371622387,1.01756970648792
9,14,0.996801119955664,0.971393867514443,1.01702144016226
9.2,14,0.996757393142636,0.971740563470191,1.01647557951986
9.4,14,0.99671486237894,0.972090559143306,1.01591826818085
9.6,14,0.996673705751564,0.972416151297712,1.0153786116494
9.8,14,0.99663411171056,0.972852596352389,1.01499012627321
10,14,0.996596278771526,0.973307594839753,1.01465011850523
10.2,14,0.996560415073757,0.973561940491854,1.0141501145684
10.4,14,0.996526737787242,0.973876549873004,1.01367605627737
10.6,14,0.996495472363159,0.974443970764562,1.01327805711085
10.8,14,0.996466851624211,0.975107722355995,1.01287810210911
11,14,0.996441114692951,0.975676737371669,1.01244328849474
11.2,14,0.996418505758192,0.976000411390055,1.01200961534286
11.4,14,0.996399272681627,0.976447909358205,1.01160710930024
11.6,14,0.996383665448934,0.976954707614763,1.01119886635047
11.8,14,0.996371934471824,0.977611576939851,1.01079867322832
12,14,0.996364328749709,0.978016974732709,1.01039828760517
12.2,14,0.996361093901949,0.978449629257969,1.01011427497712
12.4,14,0.996362470083831,0.97909576872893,1.00987468885606
12.6,14,0.996368689801639,0.979827527245682,1.00936310923373
12.8,14,0.996379975644313,0.980368201407003,1.0090423191142
13,14,0.996396537951186,0.980726996463729,1.00852981309147
13.2,14,0.996418572437212,0.981068866842306,1.00818040463848
13.4,14,0.996446257798835,0.981625831658282,1.00786253492183
13.6,14,0.99647975332519,0.982201184435236,1.0074466168006
13.8,14,0.996519196540704,0.982673791987063,1.00724032290443
14,14,0.996564700906236,0.983138742697219,1.00700014050337
14.2,14,0.996616353606776,0.983741660463447,1.00664185794225
14.4,14,0.996674213454249,0.98441918497071,1.00639309303425
14.6,14,0.996738308934232,0.985199853968668,1.00619773727551
14.8,14,0.996808636425298,0.985932439499443,1.00597419431906
15,14,0.996885158619287,0.986442161330717,1.00571839449337
15.2,14,0.996967803169976,0.987159330562932,1.00534850281159
15.4,14,0.997056461596491,0.987753424850192,1.00502728351718
15.6,14,0.997150988466241,0.988153548209917,1.00478651081126
15.8,14,0.997251200880208,0.988653603573708,1.00449213218536
16,14,0.997356878281138,0.989028723596353,1.00420682876319
16.2,14,0.99746776260248,0.989566003626449,1.00394709425177
16.4,14,0.997583558772832,0.990104433743684,1.00367501381938
16.6,14,0.997703935587295,0.990779731767502,1.0033900268814
16.8,14,0.997828526953336,0.991331906512843,1.00319167931085
17,14,0.997956933514765,0.991977173990628,1.00300079089383
17.2,14,0.998088724653076,0.992603032613181,1.00287250605925
17.4,14,0.998223440860894,0.993163685182394,1.00268535332806
17.6,14,0.998360596477498,0.993782344060123,1.00244892047931
17.8,14,0.998499682771546,0.99438984985396,1.00225069585114
18,14,0.99864017135118,0.9949676337945,1.00207691208742
18.2,14,0.998781517876712,0.995496491849289,1.00187671947296
18.4,14,0.998923166046178,0.996004162171856,1.00171017000371
18.6,14,0.999064551819268,0.99656884192051,1.00153029586397
18.8,14,0.999205107840515,0.997125210219868,1.00133010431034
19,14,0.999344268018316,0.997609732431674,1.00109465441764
19.2,14,0.999481472212383,0.998103128308037,1.00087470234083
19.4,14,0.999616170978647,0.998606101857195,1.00066603114672
19.6,14,0.999747830317639,0.999072572860017,1.00045539812446
19.8,14,0.999875936369876,0.999541209039947,1.00023369037334
20,14,1,1,1
20.2,14,1.00011956121034,0.999757317466048,1.00045271681391
20.4,14,1.00023419332422,0.999505785165144,1.00089429995363
20.6,14,1.00034350688,0.999238752480403,1.00132488797951
20.8,14,1.00044715317797,0.998969878886462,1.00174529121721
21,14,1.0005448274249,0.998730859589136,1.0021284720659
21.2,14,1.00063627142382,0.998471758346321,1.00250551249707
21.4,14,1.00072127576116,0.998194636810965,1.00288386400106
21.6,14,1.00079968144801,0.997910415309045,1.00321134331207
21.8,14,1.00087138097851,0.997644685147705,1.00350608643387
22,14,1.00093631877477,0.997334953129542,1.00380737323126
22.2,14,1.00099449099542,0.997028165866793,1.00405951413338
22.4,14,1.00104594469289,0.996704573297354,1.00443540274323
22.6,14,1.00109077631327,0.996315187795715,1.00481353384336
22.8,14,1.00112912954186,0.995980752801185,1.00509389036129
23,14,1.00116119250687,0.995675330973297,1.00531842533493
23.2,14,1.00118719436348,0.995378065292138,1.00562092418867
23.4,14,1.00120740129048,0.99506963128909,1.00586055224882
23.6,14,1.00122211194091,0.994720628527997,1.00607305314572
23.8,14,1.00123165239786,0.99433528881176,1.00625836652236
24,14,1.00123637069547,0.994006090793017,1.00647846521301
24.2,14,1.00123663097333,0.993805979551751,1.00670897660644
24.4,14,1.00123280734031,0.993535822354063,1.00688277809628
24.6,14,1.00122527753037,0.993242330556077,1.00708198197582
24.8,14,1.0012144164385,0.99292451324901,1.00729943696244
25,14,1.00120058962949,0.992551617707678,1.00750047696885
25.2,14,1.00118414691505,0.992171222561624,1.00775598315918
25.4,14,1.00116541609685,0.991933008965292,1.00794304769256
25.6,14,1.00114469697285,0.991679438033246,1.00803576206796
25.8,14,1.0011222557032,0.991379242123806,1.00816300046236
26,14,1.00109831962892,0.991224038032082,1.00840212267598
26.2,14,1.00107307263205,0.99103812540079,1.00849952946045
26.4,14,1.00104665111985,0.990741722910773,1.00865845584658
26.6,14,1.001019140708,0.990455255172672,1.00882646856089
26.8,14,1.00099057366872,0.990164351018691,1.00896409348375
27,14,1.00096092719935,0.989921494007833,1.00911388476642
27.2,14,1.00093012255515,0.98968755317928,1.00929957199343
27.4,14,1.00089802507785,0.989497518639937,1.00932721674728
27.6,14,1.00086444513755,0.989382758925705,1.00948325696914
27.8,14,1.00082913999169,0.989283791325325,1.00966158523059
28,14,1.00079181655031,0.989211365872457,1.00981765563616
28.2,14,1.00075213502197,0.989087340192816,1.00998934650925
28.4,14,1.0007097134,0.988772697749532,1.01014849761981
28.6,14,1.00066413273473,0.988727009869261,1.01025653321344
28.8,14,1.00061494312337,0.988364912162835,1.01025846656744
29,14,1.00056167033646,0.988102634333765,1.0103708137465
29.2,14,1.0005038229882,0.987642841006848,1.01049395081146
29.4,14,1.0004409001475,0.987505988034705,1.0106038930807
29.6,14,1.00037239927784,0.987238770578095,1.01076559007332
29.8,14,1.00029782438712,0.987130191765726,1.01078037796776
30,14,1.00021669426356,0.98702548050718,1.01078538559191
30.2,14,1.0001285506707,0.986727562927098,1.01067830755762
30.4,14,1.000032966374,0.986165179972351,1.01055638995808
30.6,14,0.999929552872537,0.985724112622783,1.01058649904201
30.8,14,0.999817967713461,0.985140300896707,1.01054660331569
31,14,0.999697921272343,0.985013234183965,1.01046021249396
31.2,14,0.999569182890658,0.984486862625236,1.01047470237594
31.4,14,0.99943158627161,0.984105158247703,1.01058454390453
31.6,14,0.999285034047173,0.983438095012845,1.01062340395562
31.8,14,0.999129501442578,0.982955913850673,1.01071531340798
32,14,0.998965038979148,0.982240737238893,1.01075863299731
32.2,14,0.998791774172073,0.981587180014938,1.01066898008973
32.4,14,0.998609912196205,0.980875903190683,1.01044445161124
32.6,14,0.998419735509845,0.980061970675273,1.01009948888616
32.8,14,0.99822160244349,0.979411672103265,1.01013261659031
33,14,0.998015944777258,0.978592025257149,1.01001881593044
33.2,14,0.997803264346958,0.97755344305802,1.01008359560328
33.4,14,0.997584128734049,0.976709571794493,1.01008245481158
33.6,14,0.997359166108957,0.975734113777987,1.01017210163526
33.8,14,0.997129059309959,0.974734039246934,1.01017359128266
34,14,0.996894539250965,0.973929733258333,1.00994768887516
34.2,14,0.996656377760802,0.973125261055253,1.00987488788036
34.4,14,0.996415379963927,0.972637048657146,1.00992065540942
34.6,14,0.996172376317721,0.971753516368706,1.00976148997936
34.8,14,0.995928214424609,0.970798650184393,1.00949467772404
35,14,0.995683750738243,0.969688675014713,1.00946555020314
35.2,14,0.995439842281833,0.968559469749368,1.00923529398111
35.4,14,0.995197338493605,0.967461244369782,1.00920267360338
35.6,14,0.99495707330928,0.966313532793616,1.00917080653506
35.8,14,0.994719857584764,0.965264981842403,1.00916875799118
36,14,0.994486471953851,0.964206682868689,1.00906226444742
36.2,14,0.99425766020612,0.963235635584544,1.00895424153235
36.4,14,0.994034123259418,0.962378779621154,1.0088680858001
36.6,14,0.993816513789674,0.961474240125962,1.00881315068867
36.8,14,0.993605431568543,0.960580482367053,1.0087385755544
37,14,0.993401419546731,0.959521740125421,1.00861450638876
37.2,14,0.993204960708125,0.958639109279293,1.00856984027697
37.4,14,0.993016475707205,0.957640300780303,1.00857324408401
37.6,14,0.992836321289949,0.956857283851591,1.00855687439689
37.8,14,0.992664789486685,0.95598655764383,1.00849929064418
38,14,0.992502107554357,0.955090571420636,1.00852254064157
38.2,14,0.992348438635578,0.954185449909367,1.00874798313773
38.4,14,0.992203883092737,0.953192489260875,1.00904419585715
38.6,14,0.992068480467552,0.952512059570771,1.00927911173193
38.8,14,0.991942212009719,0.95147404252121,1.00943171063162
39,14,0.991825003712891,0.950728832020084,1.00950390344571
39.2,14,0.99171672979212,0.949911602079949,1.00954798666685
39.4,14,0.991617216534051,0.949204258459035,1.00959921922971
39.6,14,0.991526246449636,0.948580512083647,1.00985783673561
39.8,14,0.991443562658819,0.947878093459726,1.01012395165409
40,14,0.991368873437506,0.947202039399391,1.01038001368735
